% Generated on 03/07/2014 @ 15:06:02
% By Dhawal Srivastava 
-0.45984375	2.8740237	7.664063	N
-0.8813672	3.5637891	8.966953	N
-0.11496094	3.2189064	10.269844	N
-0.0	2.9506643	10.078242	N
-0.038320314	2.7207422	9.541759	N
-0.3065625	2.7973828	9.350157	N
-0.38320315	3.3338673	10.614727	N
-0.3065625	3.755391	10.269844	N
-0.45984375	3.6021094	9.8866415	N
-0.22992188	3.5254688	9.77168	N
-0.11496094	3.027305	9.158555	N
0.2682422	2.912344	10.691368	N
0.19160157	2.7207422	10.806329	N
0.22992188	2.9889846	9.733359	N
-0.3065625	2.8740237	9.388477	N
0.3065625	2.7590625	8.928633	N
-0.15328126	1.8776954	9.81	N
-0.15328126	1.9926564	9.1202345	N
0.5748047	2.4525	9.69504	N
1.22625	4.2152348	9.043594	N
0.9196875	3.8703518	9.465117	N
0.34488282	3.9469924	9.8866415	N
-0.2682422	3.6021094	9.924961	N
0.38320315	3.908672	9.465117	N
-0.15328126	3.295547	11.074571	N
0.9963282	4.2152348	9.465117	N
0.8813672	4.2152348	9.043594	N
-0.19160157	2.7973828	8.698711	N
-0.5748047	3.7170706	9.77168	N
-0.07664063	4.406836	8.813672	N
-0.15328126	3.9853127	9.1202345	N
-0.15328126	2.7207422	10.499766	N
0.3065625	2.6441016	9.848321	N
0.5748047	3.3338673	9.005274	N
0.3065625	3.7937112	9.043594	N
-0.11496094	3.7170706	8.4304695	N
0.3065625	3.3338673	7.472461	N
1.22625	4.2152348	4.6750784	N
0.8813672	2.4525	7.510782	N
-1.8010547	0.8430469	15.021564	N
-1.8776954	2.3758595	11.03625	N
-0.45984375	2.9889846	8.353828	N
0.22992188	2.4525	10.423125	N
-0.45984375	2.9889846	10.614727	N
0.9196875	2.7590625	9.350157	N
0.7664063	3.027305	9.350157	N
1.1496094	3.295547	8.353828	N
0.9196875	2.9889846	8.775352	N
-0.038320314	3.2189064	11.189531	N
0.2682422	2.184258	11.304493	N
0.9196875	4.176914	11.189531	N
1.4944923	4.8666797	9.656719	N
0.6514453	3.0656252	9.235196	N
0.5364844	3.9853127	8.928633	N
0.9580079	4.598438	9.043594	N
0.68976563	3.6404297	9.77168	N
0.9196875	3.5637891	9.69504	N
1.5711329	2.567461	7.089258	N
1.2645704	2.6057813	7.6257424	N
2.299219	3.5637891	9.273516	N
2.1076174	3.410508	9.69504	N
0.9580079	3.027305	10.039923	N
0.4981641	2.6441016	7.932305	N
1.6094532	3.6021094	7.434141	N
2.6441016	5.326524	8.813672	N
1.0346485	4.6750784	9.081915	N
0.9963282	5.0582814	10.423125	N
1.0729688	6.1312504	11.611055	N
0.45984375	5.7480474	10.882969	N
-0.11496094	4.2152348	8.392149	N
0.68976563	4.598438	8.238868	N
0.9580079	4.406836	7.6257424	N
0.4981641	4.2152348	7.817344	N
1.22625	3.7937112	8.162227	N
1.8010547	3.2189064	8.238868	N
3.2572267	2.912344	7.3958206	N
3.8320315	2.567461	5.364844	N
3.5254688	2.3375392	4.023633	N
3.027305	2.6057813	3.8320315	N
2.8740237	2.1459377	3.1039455	N
2.4525	1.954336	1.7627344	N
1.9160157	2.6057813	2.567461	N
-0.6514453	2.2225783	2.299219	N
-1.2645704	1.9160157	5.4414845	N
1.22625	3.3338673	9.848321	N
1.8776954	3.1422658	11.496095	N
-1.7244141	2.7973828	10.193204	N
1.1112891	1.6477735	9.311836	N
-0.8430469	-1.3028907	9.848321	N
-2.567461	0.7664063	10.538086	N
-0.11496094	1.3028907	13.680352	N
-0.45984375	-0.11496094	13.220509	N
-0.038320314	-0.8813672	13.297149	N
0.3065625	-0.4981641	14.140196	N
-0.5748047	-1.0729688	14.025235	N
0.3065625	-1.4944923	13.948594	N
1.5711329	-1.3795313	13.680352	N
1.9160157	-2.1459377	13.220509	N
0.15328126	-1.1496094	14.101875	N
0.15328126	-0.42152345	13.1438675	N
-0.6514453	-1.0346485	10.423125	N
-1.341211	-1.456172	9.924961	N
-0.22992188	-1.0729688	12.415782	N
0.38320315	-0.68976563	12.415782	N
0.07664063	-0.9963282	9.924961	N
0.613125	-1.1879297	9.426797	N
0.5364844	-1.2645704	9.81	N
0.728086	-1.8010547	10.614727	N
2.682422	-1.0346485	11.840977	N
1.6477735	-0.9963282	10.269844	N
0.42152345	-0.9963282	9.541759	N
-0.15328126	0.5748047	10.308165	N
0.38320315	-1.1879297	10.5764065	N
0.6514453	-0.7664063	10.768008	N
0.34488282	-0.38320315	10.346485	N
2.4525	1.7244141	12.339141	N
0.15328126	-0.4981641	9.388477	N
0.9580079	0.9196875	10.308165	N
0.42152345	-0.0	10.154883	N
-0.0	0.22992188	10.193204	N
0.11496094	0.38320315	9.81	N
1.341211	-0.19160157	4.981641	N
-0.8813672	1.4178516	14.63836	N
-0.038320314	0.38320315	8.737032	N
0.8047266	-0.8813672	5.863008	N
0.5748047	1.5328126	12.300821	N
-0.5748047	2.1459377	11.342813	N
0.19160157	-0.22992188	7.9706254	N
0.6514453	1.5711329	10.844649	N
0.34488282	1.9926564	10.384805	N
-0.38320315	0.2682422	9.541759	N
-0.0	1.6477735	11.266172	N
0.38320315	1.3795313	9.503438	N
-0.15328126	0.7664063	11.112891	N
-0.19160157	1.6094532	10.921289	N
-0.0	0.45984375	9.196876	N
0.2682422	0.34488282	9.465117	N
-0.15328126	0.9963282	10.423125	N
-0.038320314	0.42152345	9.350157	N
-0.0	1.0729688	10.308165	N
-0.038320314	0.9196875	10.269844	N
-0.038320314	0.42152345	9.618399	N
-0.19160157	1.1496094	10.269844	N
-0.11496094	0.6514453	9.77168	N
-0.11496094	0.728086	10.154883	N
-0.0	0.8430469	10.116563	N
-0.19160157	0.8430469	10.078242	N
-0.07664063	0.8813672	10.308165	N
0.11496094	0.7664063	9.8866415	N
0.07664063	0.728086	9.924961	N
-0.11496094	0.68976563	9.924961	N
-0.11496094	0.9196875	10.039923	N
-0.0	0.728086	9.963282	N
-0.038320314	0.7664063	9.8866415	N
-0.0	0.8047266	10.001602	N
0.07664063	0.8047266	10.078242	N
-0.11496094	0.8047266	9.924961	N
-0.07664063	0.8430469	9.963282	N
-0.07664063	0.8047266	9.8866415	N
-0.038320314	0.8047266	9.924961	N
-0.11496094	0.8047266	9.8866415	N
-0.15328126	0.8047266	9.8866415	N
0.07664063	0.8430469	10.039923	N
0.07664063	0.8047266	10.039923	N
-0.038320314	0.8047266	10.078242	N
-0.07664063	0.9580079	10.078242	N
-0.11496094	0.8047266	10.001602	N
-0.038320314	0.7664063	10.039923	N
-0.038320314	0.728086	10.039923	N
-0.0	0.8047266	10.039923	N
-0.07664063	0.8813672	10.001602	N
0.11496094	0.8430469	10.039923	N
-0.07664063	0.9196875	10.154883	N
-0.15328126	0.7664063	10.001602	N
-0.07664063	0.8047266	10.001602	N
0.038320314	0.68976563	10.001602	N
-0.038320314	0.728086	9.924961	N
-0.11496094	0.728086	10.001602	N
-0.038320314	0.8047266	10.039923	N
-0.038320314	0.9196875	10.116563	N
-0.0	0.8430469	10.001602	N
-0.11496094	0.728086	10.039923	N
-0.07664063	0.8047266	9.963282	N
-0.038320314	0.8430469	9.963282	N
-0.0	0.8430469	9.963282	N
-0.11496094	0.8813672	10.039923	N
-0.07664063	0.8430469	10.001602	N
0.038320314	0.8430469	9.8866415	N
0.038320314	0.7664063	10.001602	N
-0.07664063	0.7664063	10.039923	N
-0.11496094	0.728086	10.039923	N
-0.0	0.6514453	9.8866415	N
-0.07664063	0.8047266	10.001602	N
-0.07664063	0.8047266	9.963282	N
-0.07664063	0.8047266	10.001602	N
-0.11496094	0.8430469	10.078242	N
-0.15328126	0.7664063	9.963282	N
-0.07664063	0.8813672	10.001602	N
-0.0	0.8813672	10.078242	N
-0.07664063	0.8813672	9.963282	N
0.11496094	0.728086	9.963282	N
-0.0	0.728086	9.963282	N
-0.0	0.8047266	10.001602	N
-0.15328126	0.7664063	10.039923	N
-0.038320314	0.8047266	9.924961	N
-0.038320314	0.8430469	10.039923	N
-0.0	0.8430469	10.001602	N
-0.07664063	0.8047266	9.924961	N
-0.038320314	0.8047266	10.039923	N
-0.07664063	0.728086	10.039923	N
-0.11496094	0.8813672	10.039923	N
-0.11496094	0.8430469	10.001602	N
-0.038320314	0.7664063	9.924961	N
-0.07664063	0.728086	10.001602	N
-0.0	0.8047266	10.039923	N
-0.038320314	0.7664063	10.001602	N
-0.038320314	0.8430469	10.078242	N
-0.07664063	0.7664063	10.039923	N
-0.15328126	0.7664063	10.001602	N
-0.07664063	0.7664063	9.963282	N
-0.11496094	0.8813672	10.116563	N
-0.0	0.8813672	10.001602	N
-0.07664063	0.7664063	10.039923	N
-0.038320314	0.8430469	10.039923	N
-0.15328126	0.728086	10.078242	N
0.11496094	0.728086	9.924961	N
-0.0	0.8813672	10.039923	N
-0.11496094	0.8430469	9.963282	N
-0.0	0.7664063	9.924961	N
-0.07664063	0.728086	9.924961	N
-0.11496094	0.8047266	9.963282	N
-0.0	0.9196875	10.001602	N
0.038320314	0.7664063	10.039923	N
-0.07664063	0.8047266	10.001602	N
-0.038320314	0.7664063	10.039923	N
-0.038320314	0.7664063	9.963282	N
-0.07664063	0.8813672	9.8866415	N
-0.038320314	0.8813672	10.039923	N
-0.0	0.8430469	9.963282	N
-0.0	0.8430469	10.039923	N
-0.11496094	0.9196875	9.963282	N
-0.038320314	0.8430469	10.001602	N
-0.0	0.8430469	10.078242	N
-0.0	0.728086	9.963282	N
-0.07664063	0.728086	10.039923	N
-0.07664063	0.728086	10.078242	N
-0.07664063	0.8047266	10.001602	N
-0.11496094	0.9196875	10.039923	N
-0.07664063	0.6514453	9.963282	N
-0.07664063	0.8047266	9.963282	N
-0.0	0.7664063	10.078242	N
-0.07664063	0.7664063	9.963282	N
-0.0	0.7664063	9.963282	N
-0.0	0.8430469	9.963282	N
-0.038320314	0.8047266	9.963282	N
-0.11496094	0.68976563	9.8866415	N
-0.038320314	0.8430469	10.039923	N
-0.0	0.7664063	10.001602	N
-0.038320314	0.8430469	9.8866415	N
-0.0	0.7664063	10.039923	N
-0.0	0.728086	10.001602	N
0.038320314	0.7664063	10.001602	N
-0.0	0.7664063	10.039923	N
-0.15328126	0.7664063	10.039923	N
-0.038320314	0.8430469	10.001602	N
-0.11496094	0.8813672	10.078242	N
-0.11496094	0.8047266	9.963282	N
-0.038320314	0.8813672	10.078242	N
-0.038320314	0.8430469	10.001602	N
-0.038320314	0.68976563	10.039923	N
-0.07664063	0.728086	9.924961	N
-0.07664063	0.728086	10.001602	N
-0.0	0.7664063	9.924961	N
-0.11496094	0.68976563	9.963282	N
-0.038320314	0.8047266	9.963282	N
-0.07664063	0.8430469	10.001602	N
-0.0	0.7664063	10.039923	N
-0.0	0.7664063	9.924961	N
-0.0	0.8047266	10.039923	N
-0.0	0.7664063	10.001602	N
-0.038320314	0.8430469	9.924961	N
-0.15328126	0.728086	9.81	N
-0.038320314	0.8047266	10.001602	N
-0.07664063	0.8430469	9.963282	N
-0.19160157	0.8430469	10.039923	N
-0.038320314	0.8813672	10.116563	N
-0.11496094	0.728086	10.116563	N
-0.0	0.8047266	10.001602	N
-0.038320314	0.7664063	10.001602	N
-0.07664063	0.7664063	10.001602	N
-0.038320314	0.68976563	10.078242	N
-0.15328126	0.7664063	10.078242	N
-0.07664063	0.8047266	9.963282	N
-0.07664063	0.8430469	10.001602	N
0.038320314	0.8047266	10.039923	N
-0.07664063	0.7664063	10.039923	N
-0.038320314	0.613125	9.963282	N
-0.038320314	0.8430469	9.963282	N
-0.0	0.9196875	10.039923	N
-0.15328126	0.8430469	9.924961	N
0.038320314	0.8430469	9.924961	N
-0.11496094	0.8047266	10.001602	N
-0.038320314	0.7664063	10.078242	N
-0.11496094	0.8430469	9.924961	N
-0.038320314	0.8813672	10.001602	N
-0.038320314	0.728086	9.924961	N
-0.11496094	0.8047266	9.963282	N
-0.038320314	0.7664063	9.924961	N
-0.11496094	0.8047266	10.039923	N
-0.038320314	0.7664063	10.001602	N
-0.038320314	0.8430469	9.924961	N
-0.038320314	0.8430469	10.039923	N
-0.038320314	0.8047266	10.001602	N
-0.11496094	0.8047266	10.001602	N
-0.038320314	0.7664063	10.001602	N
0.038320314	0.728086	9.924961	N
-0.0	0.8430469	9.963282	N
-0.07664063	0.8047266	10.001602	N
-0.07664063	0.7664063	10.001602	N
-0.19160157	0.7664063	9.8866415	N
-0.07664063	0.68976563	10.001602	N
-0.038320314	0.8813672	10.154883	N
-0.0	0.7664063	10.078242	N
-0.15328126	0.68976563	10.039923	N
-0.19160157	0.8430469	9.924961	N
-0.15328126	0.8047266	10.078242	N
-0.0	0.728086	9.963282	N
-0.038320314	0.8047266	10.078242	N
-0.11496094	0.8047266	10.039923	N
-0.15328126	0.8813672	9.963282	N
-0.038320314	0.8430469	10.001602	N
-0.038320314	0.68976563	9.924961	N
0.038320314	0.8813672	10.078242	N
-0.07664063	0.7664063	9.963282	N
-0.038320314	0.8047266	10.001602	N
-0.07664063	0.8430469	10.039923	N
-0.0	0.8047266	10.039923	N
-0.07664063	0.8430469	10.039923	N
-0.11496094	0.8047266	9.963282	N
-0.11496094	0.7664063	10.001602	N
-0.0	0.8047266	9.963282	N
-0.038320314	0.728086	10.001602	N
0.038320314	0.68976563	9.924961	N
-0.038320314	0.8047266	10.116563	N
-0.11496094	0.8047266	9.963282	N
-0.07664063	0.8430469	10.001602	N
-0.07664063	0.8047266	10.039923	N
-0.038320314	0.8813672	10.001602	N
-0.15328126	0.8430469	10.039923	N
-0.07664063	0.8047266	10.001602	N
-0.11496094	0.7664063	9.963282	N
-0.0	0.8430469	10.001602	N
-0.07664063	0.8430469	10.154883	N
-0.15328126	0.8047266	10.001602	N
-0.07664063	0.8047266	9.963282	N
0.038320314	0.728086	10.001602	N
-0.07664063	0.8047266	10.039923	N
-0.07664063	0.8047266	9.924961	N
-0.15328126	0.7664063	10.001602	N
-0.07664063	0.8047266	10.039923	N
-0.07664063	0.728086	9.963282	N
0.038320314	0.7664063	10.039923	N
-0.0	0.8430469	10.001602	N
-0.0	0.8430469	10.078242	N
-0.07664063	0.8430469	10.001602	N
-0.19160157	0.8430469	10.078242	N
-0.038320314	0.8047266	9.963282	N
-0.11496094	0.8047266	9.963282	N
-0.038320314	0.8430469	10.116563	N
-0.038320314	0.8047266	10.039923	N
-0.0	0.8047266	10.154883	N
0.07664063	0.8430469	10.039923	N
-0.07664063	0.8430469	9.963282	N
-0.07664063	0.8813672	10.078242	N
-0.038320314	0.8047266	10.039923	N
-0.0	0.728086	10.039923	N
-0.15328126	0.8047266	10.001602	N
-0.11496094	0.8430469	10.001602	N
-0.11496094	0.8047266	10.039923	N
-0.038320314	0.8047266	9.963282	N
-0.11496094	0.7664063	10.078242	N
-0.07664063	0.7664063	10.078242	N
0.038320314	0.8813672	10.039923	N
-0.15328126	0.7664063	10.078242	N
0.07664063	0.8430469	10.001602	N
-0.15328126	0.8047266	9.963282	N
-0.11496094	0.7664063	10.078242	N
-0.038320314	0.8430469	10.078242	N
-0.15328126	0.728086	10.001602	N
-0.11496094	0.8430469	9.963282	N
-0.07664063	0.8813672	10.039923	N
-0.07664063	0.7664063	9.924961	N
-0.11496094	0.7664063	10.039923	N
-0.07664063	0.8047266	9.963282	N
-0.07664063	0.8047266	10.039923	N
-0.07664063	0.68976563	10.039923	N
0.038320314	0.8430469	10.001602	N
-0.0	0.8430469	10.078242	N
-0.07664063	0.8047266	10.039923	N
0.038320314	0.8430469	10.039923	N
-0.11496094	0.7664063	10.001602	N
-0.11496094	0.728086	10.001602	N
-0.11496094	0.68976563	10.001602	N
-0.15328126	0.8047266	9.8866415	N
-0.038320314	0.8047266	10.039923	N
-0.07664063	0.8047266	10.078242	N
-0.0	0.68976563	10.001602	N
-0.038320314	0.68976563	10.039923	N
-0.038320314	0.8813672	10.078242	N
-0.07664063	0.7664063	10.078242	N
-0.11496094	0.8430469	10.001602	N
-0.07664063	0.8813672	9.924961	N
-0.15328126	0.8813672	9.8866415	N
-0.15328126	0.7664063	10.001602	N
-0.0	0.8047266	10.001602	N
-0.11496094	0.8047266	10.001602	N
-0.15328126	0.8047266	10.078242	N
0.038320314	0.9196875	10.039923	N
-0.038320314	0.8813672	9.924961	N
-0.0	0.7664063	10.039923	N
-0.038320314	0.68976563	10.078242	N
-0.07664063	0.8430469	10.078242	N
-0.11496094	0.8813672	10.001602	N
-0.07664063	0.728086	9.924961	N
-0.11496094	0.8047266	10.039923	N
-0.07664063	0.8047266	9.963282	N
-0.11496094	0.7664063	10.001602	N
-0.038320314	0.7664063	10.001602	N
-0.07664063	0.728086	10.001602	N
-0.07664063	0.8047266	9.963282	N
-0.07664063	0.68976563	9.963282	N
-0.11496094	0.7664063	10.001602	N
-0.07664063	0.8047266	10.001602	N
-0.0	0.8047266	9.963282	N
-0.038320314	0.6514453	9.963282	N
-0.11496094	0.8047266	10.001602	N
-0.038320314	0.8813672	10.001602	N
-0.07664063	0.8813672	10.001602	N
-0.11496094	0.728086	9.8866415	N
-0.11496094	0.8047266	10.078242	N
-0.11496094	0.8430469	10.001602	N
-0.038320314	0.7664063	10.039923	N
-0.11496094	0.68976563	10.078242	N
-0.0	0.8813672	10.039923	N
-0.0	0.728086	9.963282	N
-0.038320314	0.8047266	10.039923	N
-0.038320314	0.68976563	10.001602	N
-0.07664063	0.8813672	10.001602	N
-0.11496094	0.8430469	10.039923	N
-0.11496094	0.9580079	9.963282	N
-0.07664063	0.8430469	9.924961	N
-0.07664063	0.9196875	10.078242	N
-0.07664063	0.8430469	9.924961	N
-0.038320314	0.9196875	9.963282	N
0.038320314	0.6514453	9.963282	N
-0.07664063	0.7664063	10.039923	N
-0.038320314	0.8047266	9.81	N
-0.11496094	0.8813672	10.001602	N
-0.038320314	0.7664063	9.963282	N
-0.0	0.8430469	9.963282	N
-0.07664063	0.8047266	10.078242	N
-0.11496094	0.8430469	10.039923	N
0.07664063	0.728086	10.001602	N
-0.11496094	0.68976563	10.039923	N
-0.038320314	0.8047266	9.924961	N
-0.0	0.8047266	10.001602	N
-0.038320314	0.8047266	10.078242	N
-0.0	0.9196875	10.001602	N
-0.22992188	0.8047266	10.078242	N
0.038320314	0.68976563	10.001602	N
-0.07664063	0.8813672	10.078242	N
-0.07664063	0.728086	10.039923	N
-0.038320314	0.8047266	10.039923	N
-0.038320314	0.8430469	10.001602	N
-0.0	0.9196875	9.963282	N
-0.11496094	0.8047266	10.078242	N
-0.15328126	0.728086	9.924961	N
-0.15328126	0.7664063	10.078242	N
-0.0	0.8430469	9.963282	N
0.038320314	0.7664063	10.078242	N
-0.0	0.8047266	9.924961	N
-0.07664063	0.8047266	10.001602	N
-0.11496094	0.8047266	10.039923	N
-0.07664063	0.8813672	10.001602	N
-0.038320314	0.6514453	10.001602	N
0.038320314	0.8047266	10.001602	N
-0.07664063	0.8047266	9.924961	N
-0.07664063	0.8813672	10.078242	N
-0.07664063	0.8047266	9.924961	N
0.038320314	0.728086	10.039923	N
-0.15328126	0.7664063	9.924961	N
-0.038320314	0.728086	10.001602	N
-0.0	0.8430469	9.963282	N
0.038320314	0.728086	10.039923	N
-0.038320314	0.8430469	10.116563	N
-0.038320314	0.7664063	10.078242	N
-0.07664063	0.8047266	10.001602	N
-0.11496094	0.7664063	9.963282	N
-0.038320314	0.7664063	10.001602	N
-0.038320314	0.6514453	10.078242	N
-0.15328126	0.8430469	9.8866415	N
-0.07664063	0.8430469	10.001602	N
-0.038320314	0.8047266	10.001602	N
-0.11496094	0.8813672	10.039923	N
-0.07664063	0.8430469	10.078242	N
-0.07664063	0.8430469	10.039923	N
-0.038320314	0.7664063	10.001602	N
-0.07664063	0.8430469	9.963282	N
0.038320314	0.8430469	10.001602	N
-0.07664063	0.8047266	9.963282	N
-0.07664063	0.8430469	10.039923	N
-0.07664063	0.9196875	9.963282	N
-0.038320314	0.8430469	10.039923	N
-0.11496094	0.7664063	9.963282	N
-0.038320314	0.8047266	10.039923	N
-0.0	0.728086	10.001602	N
-0.11496094	0.7664063	10.039923	N
-0.0	0.728086	10.078242	N
0.038320314	0.728086	9.963282	N
-0.11496094	0.8813672	10.039923	N
-0.07664063	0.7664063	9.963282	N
-0.038320314	0.68976563	10.078242	N
0.038320314	0.8047266	10.116563	N
0.038320314	0.68976563	10.154883	N
-0.07664063	0.8430469	9.963282	N
-0.038320314	0.8047266	9.963282	N
-0.07664063	0.8047266	10.078242	N
-0.038320314	0.8430469	10.078242	N
-0.11496094	0.7664063	10.039923	N
-0.11496094	0.7664063	9.963282	N
-0.038320314	0.8047266	10.001602	N
-0.0	0.8047266	10.001602	N
-0.07664063	0.728086	9.8866415	N
-0.11496094	0.728086	10.001602	N
-0.07664063	0.7664063	10.078242	N
-0.038320314	0.728086	10.078242	N
-0.0	0.728086	10.001602	N
-0.0	0.7664063	10.001602	N
-0.11496094	0.8047266	9.963282	N
-0.038320314	0.68976563	10.001602	N
-0.22992188	0.8430469	10.001602	N
-0.07664063	0.7664063	10.001602	N
-0.15328126	0.8047266	10.001602	N
-0.0	0.8430469	10.039923	N
-0.0	0.8047266	9.963282	N
-0.07664063	0.8047266	9.963282	N
-0.22992188	0.8047266	10.039923	N
-0.0	0.7664063	10.001602	N
-0.038320314	0.8047266	9.963282	N
-0.07664063	0.68976563	9.963282	N
-0.19160157	0.728086	9.963282	N
-0.0	0.8047266	9.963282	N
-0.038320314	0.68976563	9.963282	N
-0.038320314	0.7664063	10.078242	N
-0.0	0.8047266	10.078242	N
-0.07664063	0.7664063	10.001602	N
-0.07664063	0.728086	10.001602	N
-0.07664063	0.7664063	9.963282	N
-0.038320314	0.8430469	9.848321	N
-0.11496094	0.8813672	10.001602	N
-0.07664063	0.68976563	10.116563	N
-0.038320314	0.8430469	10.078242	N
-0.038320314	0.7664063	10.039923	N
-0.07664063	0.7664063	10.001602	N
-0.0	0.7664063	9.963282	N
-0.07664063	0.8047266	9.963282	N
-0.19160157	0.728086	10.001602	N
-0.07664063	0.728086	10.039923	N
-0.038320314	0.6514453	10.001602	N
-0.038320314	0.8430469	9.963282	N
-0.15328126	0.7664063	10.078242	N
-0.038320314	0.8430469	10.078242	N
-0.07664063	0.728086	10.078242	N
0.038320314	0.8430469	10.001602	N
-0.15328126	0.7664063	10.001602	N
-0.11496094	0.728086	10.039923	N
-0.07664063	0.7664063	10.039923	N
-0.038320314	0.68976563	10.078242	N
0.038320314	0.8047266	10.039923	N
-0.038320314	0.8047266	10.001602	N
-0.07664063	0.8047266	10.039923	N
-0.07664063	0.7664063	10.039923	N
-0.07664063	0.8047266	10.001602	N
-0.11496094	0.8430469	10.001602	N
-0.11496094	0.728086	10.193204	N
-0.07664063	0.68976563	10.039923	N
-0.038320314	0.68976563	10.001602	N
-0.038320314	0.8047266	10.039923	N
0.038320314	0.8430469	10.001602	N
-0.11496094	0.8047266	10.078242	N
-0.07664063	0.7664063	9.963282	N
-0.07664063	0.8047266	9.924961	N
-0.038320314	0.8430469	10.001602	N
-0.11496094	0.8047266	10.078242	N
-0.038320314	0.68976563	10.039923	N
-0.0	0.8430469	10.078242	N
-0.11496094	0.8047266	10.039923	N
-0.11496094	0.8813672	10.039923	N
-0.19160157	0.8047266	10.116563	N
-0.07664063	0.7664063	10.001602	N
-0.11496094	0.7664063	10.078242	N
-0.11496094	0.8047266	10.039923	N
-0.11496094	0.8047266	10.116563	N
-0.038320314	0.728086	10.039923	N
-0.0	0.7664063	9.848321	N
-0.038320314	0.8047266	9.8866415	N
0.038320314	0.7664063	10.039923	N
-0.11496094	0.8430469	10.001602	N
-0.15328126	0.8430469	10.001602	N
-0.038320314	0.7664063	10.039923	N
-0.11496094	0.7664063	9.924961	N
-0.11496094	0.7664063	10.039923	N
-0.07664063	0.728086	10.039923	N
-0.038320314	0.7664063	9.8866415	N
-0.11496094	0.8430469	9.963282	N
-0.15328126	0.8430469	9.963282	N
-0.15328126	0.7664063	9.963282	N
-0.11496094	0.8430469	10.116563	N
-0.11496094	0.68976563	10.039923	N
-0.038320314	0.7664063	10.078242	N
-0.0	0.728086	10.078242	N
-0.11496094	0.8047266	10.039923	N
-0.0	0.7664063	10.001602	N
-0.11496094	0.8047266	9.963282	N
-0.038320314	0.8430469	10.039923	N
-0.15328126	0.8430469	10.039923	N
0.07664063	0.8047266	10.039923	N
-0.11496094	0.8047266	10.001602	N
-0.038320314	0.728086	10.116563	N
-0.11496094	0.8047266	10.078242	N
-0.15328126	0.7664063	9.8866415	N
-0.07664063	0.9580079	10.039923	N
-0.07664063	0.8430469	10.116563	N
-0.19160157	0.7664063	10.001602	N
-0.15328126	0.8430469	10.039923	N
-0.038320314	0.8430469	9.963282	N
-0.11496094	0.728086	10.001602	N
-0.11496094	0.7664063	9.924961	N
-0.07664063	0.8430469	9.963282	N
-0.11496094	0.9196875	10.039923	N
-0.07664063	0.8047266	10.001602	N
-0.11496094	0.728086	10.078242	N
-0.11496094	0.728086	10.001602	N
-0.11496094	0.7664063	10.039923	N
-0.038320314	0.8047266	10.078242	N
-0.038320314	0.8047266	9.963282	N
-0.0	0.6514453	10.078242	N
-0.15328126	0.8047266	10.078242	N
-0.038320314	0.728086	9.8866415	N
-0.15328126	0.728086	9.963282	N
-0.038320314	0.8430469	9.963282	N
-0.15328126	0.68976563	10.001602	N
-0.038320314	0.7664063	10.001602	N
-0.038320314	0.8047266	10.078242	N
-0.038320314	0.68976563	10.039923	N
-0.038320314	0.728086	10.039923	N
-0.11496094	0.728086	10.001602	N
-0.038320314	0.7664063	9.963282	N
-0.11496094	0.728086	10.039923	N
0.038320314	0.8430469	10.001602	N
-0.0	0.8813672	9.924961	N
-0.07664063	0.8430469	10.001602	N
-0.038320314	0.7664063	10.001602	N
-0.038320314	0.8813672	9.963282	N
-0.15328126	0.7664063	10.039923	N
-0.07664063	0.8047266	9.963282	N
-0.19160157	0.7664063	10.078242	N
-0.22992188	0.8047266	9.963282	N
-0.11496094	0.8047266	10.039923	N
-0.07664063	0.7664063	9.848321	N
-0.15328126	0.68976563	9.963282	N
-0.11496094	0.728086	10.039923	N
-0.11496094	0.7664063	9.924961	N
-0.11496094	0.6514453	10.039923	N
0.038320314	0.8047266	10.039923	N
-0.0	0.8047266	9.963282	N
-0.11496094	0.8813672	10.116563	N
-0.0	0.8047266	10.039923	N
-0.15328126	0.7664063	9.963282	N
-0.11496094	0.8047266	9.963282	N
-0.038320314	0.8047266	10.001602	N
-0.07664063	0.8430469	9.963282	N
-0.07664063	0.68976563	10.078242	N
-0.0	0.728086	10.039923	N
-0.11496094	0.8430469	9.924961	N
0.07664063	0.728086	10.001602	N
-0.07664063	0.8430469	10.001602	N
-0.038320314	0.8813672	10.001602	N
-0.07664063	0.7664063	9.924961	N
-0.07664063	0.8047266	9.963282	N
-0.0	0.8047266	10.078242	N
-0.07664063	0.8430469	10.001602	N
-0.038320314	0.7664063	10.001602	N
-0.0	0.728086	10.001602	N
-0.038320314	0.8047266	10.116563	N
-0.038320314	0.7664063	10.001602	N
-0.11496094	0.8047266	10.039923	N
-0.038320314	0.728086	10.116563	N
-0.038320314	0.7664063	10.001602	N
-0.0	0.8430469	10.001602	N
-0.038320314	0.7664063	10.039923	N
-0.038320314	0.7664063	10.078242	N
-0.0	0.8430469	10.001602	N
-0.038320314	0.8047266	9.963282	N
-0.038320314	0.7664063	10.078242	N
-0.07664063	0.7664063	9.924961	N
-0.07664063	0.68976563	10.001602	N
-0.15328126	0.8047266	10.039923	N
-0.07664063	0.728086	10.078242	N
0.038320314	0.7664063	9.963282	N
-0.0	0.8430469	10.001602	N
-0.3065625	0.038320314	9.848321	N
0.45984375	1.0346485	8.928633	N
-0.22992188	0.9580079	10.614727	N
-0.5748047	1.0346485	10.729688	N
0.07664063	0.7664063	9.81	N
-0.038320314	0.9963282	10.001602	N
-0.34488282	0.8430469	10.423125	N
-0.19160157	0.9196875	10.154883	N
0.11496094	0.9580079	9.733359	N
-0.11496094	1.0346485	10.2315235	N
-0.038320314	0.9196875	10.154883	N
-0.07664063	0.8430469	9.848321	N
-0.22992188	0.8047266	10.001602	N
-0.038320314	0.728086	9.963282	N
-0.038320314	0.728086	10.001602	N
-0.15328126	0.7664063	10.001602	N
-0.07664063	0.728086	9.963282	N
-0.19160157	0.728086	9.963282	N
-0.07664063	0.6514453	10.039923	N
-0.0	0.9196875	10.001602	N
-0.07664063	0.8047266	9.963282	N
-0.3065625	0.68976563	9.924961	N
-0.11496094	0.728086	10.039923	N
-0.0	0.9196875	10.078242	N
-0.15328126	0.8047266	10.001602	N
-0.038320314	0.728086	10.116563	N
-0.19160157	0.7664063	10.001602	N
-0.15328126	0.7664063	9.963282	N
-0.22992188	0.7664063	10.039923	N
-0.15328126	0.7664063	10.078242	N
0.038320314	0.68976563	9.503438	N
0.22992188	1.1496094	9.77168	N
-0.613125	0.9580079	10.768008	N
-0.8813672	0.9196875	10.921289	N
0.19160157	0.68976563	9.311836	N
0.15328126	0.613125	9.618399	Y
-0.5748047	0.4981641	10.461446	N
-0.4981641	0.8047266	10.5764065	N
0.038320314	0.68976563	9.618399	N
-0.3065625	0.4981641	10.269844	N
-0.3065625	0.7664063	10.193204	N
-0.038320314	0.7664063	9.8866415	N
-0.038320314	0.9196875	10.193204	N
-0.038320314	0.728086	9.963282	N
-0.0	0.728086	9.848321	N
-0.22992188	0.728086	10.116563	N
-0.11496094	0.728086	10.001602	N
-0.19160157	0.8047266	10.039923	N
-0.15328126	0.7664063	10.039923	N
0.07664063	0.7664063	9.924961	N
-0.11496094	0.7664063	10.001602	N
-0.11496094	0.728086	9.963282	N
-0.15328126	0.8047266	10.039923	N
-0.038320314	0.8430469	10.039923	N
-0.07664063	0.68976563	10.039923	N
-0.11496094	0.7664063	10.001602	N
-0.15328126	0.8047266	9.963282	N
-0.19160157	0.8047266	10.116563	N
-0.15328126	0.8047266	10.078242	N
-0.11496094	0.8047266	10.001602	N
-0.19160157	0.8047266	10.116563	N
-0.15328126	0.8047266	10.154883	N
-0.07664063	0.728086	10.001602	N
-0.038320314	0.7664063	10.039923	N
-0.15328126	0.8430469	10.001602	N
0.038320314	0.7664063	10.039923	N
-0.15328126	0.68976563	9.963282	N
-0.07664063	0.68976563	10.039923	N
-0.11496094	0.8047266	10.078242	N
-0.07664063	0.8047266	10.001602	N
-0.07664063	0.8047266	10.078242	N
-0.07664063	0.7664063	10.001602	N
-0.11496094	0.8047266	10.078242	N
-0.15328126	0.8047266	9.924961	N
-0.038320314	0.8047266	10.001602	N
-0.038320314	0.7664063	10.039923	N
-0.15328126	1.1496094	10.346485	N
-0.8430469	0.8430469	10.844649	N
-0.22992188	1.1879297	10.384805	N
0.038320314	0.8813672	9.8866415	N
-0.0	0.728086	9.77168	Y
-0.42152345	0.4981641	10.308165	N
-0.34488282	0.5748047	10.193204	N
0.038320314	0.6514453	9.69504	N
-0.3065625	0.8047266	10.2315235	N
-0.11496094	0.8813672	10.001602	N
-0.07664063	0.8047266	9.8866415	N
-0.07664063	0.728086	10.116563	N
-0.11496094	0.8430469	9.924961	N
-0.19160157	0.7664063	10.001602	N
-0.2682422	0.7664063	10.039923	N
-0.07664063	0.7664063	9.963282	N
-0.15328126	0.8047266	10.078242	N
-0.11496094	0.8047266	10.001602	N
-0.038320314	0.7664063	10.001602	N
-0.07664063	0.8430469	10.039923	N
-0.038320314	0.8047266	10.039923	N
-0.0	0.728086	10.001602	N
-0.11496094	0.728086	10.039923	N
-0.19160157	0.8047266	9.963282	N
-0.19160157	0.7664063	10.001602	N
-0.11496094	0.728086	9.963282	N
-0.11496094	0.8430469	10.039923	N
-0.15328126	0.8813672	10.039923	N
-0.11496094	0.6514453	10.001602	N
-0.15328126	0.728086	10.039923	N
-0.07664063	0.7664063	9.963282	N
-0.11496094	0.7664063	10.039923	N
-0.0	0.7664063	9.924961	N
-0.0	0.7664063	10.001602	N
-0.2682422	0.7664063	10.078242	N
-0.15328126	0.7664063	9.963282	N
-0.15328126	0.8047266	10.078242	N
-0.038320314	0.9196875	10.001602	N
-0.0	0.68976563	10.078242	N
-0.11496094	0.68976563	10.116563	N
0.07664063	0.8047266	10.039923	N
-0.19160157	0.8047266	10.001602	N
-0.038320314	0.7664063	10.078242	N
-0.07664063	0.8430469	9.8866415	N
-0.19160157	0.8047266	10.039923	N
-0.07664063	0.8047266	9.963282	N
-0.15328126	0.8047266	10.039923	N
-0.11496094	0.68976563	10.116563	N
-0.07664063	0.8047266	10.039923	N
-0.038320314	0.8430469	10.001602	N
-0.038320314	0.7664063	10.001602	N
-0.0	0.8047266	10.039923	N
-0.07664063	0.8047266	10.039923	N
-0.0	0.8047266	10.078242	N
-0.038320314	0.8430469	10.001602	N
-0.15328126	0.8430469	9.963282	N
-0.038320314	0.8047266	10.116563	N
-0.0	0.68976563	10.116563	N
-0.11496094	0.728086	10.001602	N
-0.07664063	0.8047266	10.116563	N
-0.07664063	0.8047266	9.963282	N
-0.11496094	0.7664063	10.001602	N
-0.038320314	0.8813672	9.924961	N
-0.038320314	0.8047266	10.039923	N
-0.07664063	0.8430469	10.078242	N
-0.038320314	0.728086	10.078242	N
-0.11496094	0.7664063	9.963282	N
-0.07664063	0.68976563	9.963282	N
-0.038320314	0.7664063	10.001602	N
-0.07664063	0.7664063	10.078242	N
-0.15328126	0.8047266	10.001602	N
-0.0	0.7664063	10.078242	N
-0.11496094	0.6514453	9.924961	N
-0.07664063	0.7664063	9.924961	N
-0.0	0.8047266	9.924961	N
-0.0	0.7664063	9.8866415	N
-0.07664063	0.728086	10.001602	N
-0.038320314	0.7664063	10.001602	N
-0.038320314	0.8430469	9.924961	N
-0.19160157	0.8430469	10.001602	N
-0.11496094	0.7664063	10.001602	N
-0.038320314	0.8430469	9.963282	N
-0.19160157	0.7664063	10.001602	N
-0.11496094	0.7664063	10.078242	N
-0.07664063	0.8047266	10.001602	N
-0.11496094	0.8047266	10.039923	N
-0.15328126	0.8813672	10.001602	N
-0.07664063	0.7664063	10.001602	N
-0.15328126	0.728086	10.039923	N
-0.038320314	0.728086	10.001602	N
0.038320314	0.8047266	10.001602	N
-0.0	0.8430469	10.039923	N
-0.11496094	0.68976563	10.116563	N
-0.0	0.7664063	10.039923	N
-0.038320314	0.8813672	10.001602	N
-0.038320314	0.8430469	9.924961	N
-0.07664063	0.8047266	9.963282	N
-0.11496094	0.8430469	10.001602	N
-0.038320314	0.728086	10.039923	N
-0.07664063	0.7664063	9.924961	N
-0.038320314	0.8047266	10.001602	N
-0.11496094	0.8047266	10.078242	N
-0.11496094	0.68976563	10.078242	N
-0.11496094	0.8813672	10.039923	N
-0.07664063	0.8430469	9.81	N
-0.19160157	0.8047266	9.963282	N
-0.11496094	0.68976563	10.001602	N
-0.07664063	0.8047266	10.001602	N
-0.11496094	0.728086	10.039923	N
-0.07664063	0.8430469	9.8866415	N
-0.07664063	0.7664063	9.963282	N
-0.11496094	0.8430469	9.963282	N
-0.038320314	0.8430469	10.039923	N
-0.15328126	0.728086	9.924961	N
-0.19160157	0.728086	10.001602	N
-0.11496094	0.7664063	10.078242	N
-0.038320314	0.8813672	9.963282	N
-0.07664063	0.8430469	9.963282	N
-0.19160157	0.8430469	9.8866415	N
0.038320314	0.8047266	10.039923	N
-0.11496094	0.8047266	10.078242	N
-0.11496094	0.8430469	9.963282	N
-0.07664063	0.8430469	9.924961	N
-0.15328126	0.8047266	9.963282	N
-0.038320314	0.8813672	10.039923	N
0.038320314	0.728086	9.8866415	N
-0.038320314	0.8430469	10.001602	N
-0.19160157	0.8813672	10.078242	N
-0.07664063	0.8430469	9.963282	N
-0.11496094	0.728086	10.078242	N
-0.15328126	0.8813672	9.963282	N
-0.07664063	0.7664063	10.078242	N
-0.15328126	0.728086	9.963282	N
-0.0	0.7664063	9.963282	N
-0.0	0.8047266	9.963282	N
-0.11496094	0.8047266	9.924961	N
-0.15328126	0.8813672	10.039923	N
-0.11496094	0.7664063	9.924961	N
-0.0	0.8047266	10.001602	N
-0.15328126	0.8430469	10.001602	N
-0.11496094	0.8047266	10.001602	N
-0.07664063	0.68976563	10.039923	N
-0.038320314	0.728086	9.924961	N
-0.11496094	0.7664063	9.963282	N
-0.0	0.8047266	9.963282	N
-0.038320314	0.8813672	9.924961	N
-0.0	0.7664063	9.8866415	N
-0.0	0.8430469	9.924961	N
-0.07664063	0.8813672	10.154883	N
-0.07664063	0.8047266	9.924961	N
-0.038320314	0.8047266	9.963282	N
-0.11496094	0.8047266	10.078242	N
0.07664063	0.7664063	10.039923	N
-0.07664063	0.8047266	10.001602	N
-0.11496094	0.8047266	9.963282	N
-0.07664063	0.8813672	10.039923	N
-0.15328126	0.728086	10.039923	N
-0.15328126	0.7664063	10.039923	N
-0.07664063	0.7664063	10.116563	N
-0.11496094	0.7664063	10.001602	N
-0.11496094	0.728086	10.039923	N
-0.15328126	0.8430469	10.039923	N
-0.07664063	0.8430469	10.039923	N
-0.07664063	0.8813672	9.924961	N
-0.07664063	0.8430469	10.039923	N
-0.15328126	0.7664063	10.039923	N
-0.07664063	0.728086	10.001602	N
-0.07664063	0.8430469	10.001602	N
-0.07664063	0.8047266	10.039923	N
-0.15328126	0.8047266	9.963282	N
-0.07664063	0.728086	9.963282	N
-0.11496094	0.8430469	9.963282	N
-0.15328126	0.7664063	10.116563	N
-0.0	0.8813672	10.039923	N
-0.07664063	0.7664063	10.039923	N
-0.15328126	0.7664063	10.078242	N
-0.07664063	0.8430469	10.078242	N
-0.11496094	0.728086	10.001602	N
-0.11496094	0.8047266	9.963282	N
-0.11496094	0.7664063	9.924961	N
-0.07664063	0.8047266	9.924961	N
-0.15328126	0.8047266	10.001602	N
-0.11496094	0.7664063	10.001602	N
-0.07664063	0.68976563	10.001602	N
-0.11496094	0.8430469	10.039923	N
-0.07664063	0.7664063	10.001602	N
-0.07664063	0.8430469	10.001602	N
-0.19160157	0.8047266	10.001602	N
-0.038320314	0.68976563	10.001602	N
-0.11496094	0.9196875	9.963282	N
0.038320314	0.8430469	10.039923	N
-0.11496094	0.8430469	9.8866415	N
-0.11496094	0.728086	10.001602	N
-0.038320314	0.8047266	9.924961	N
-0.0	0.7664063	10.078242	N
-0.07664063	0.8047266	10.039923	N
-0.15328126	0.8047266	9.924961	N
-0.15328126	0.7664063	9.963282	N
-0.038320314	0.728086	10.2315235	N
-0.038320314	0.8047266	9.8866415	N
-0.07664063	0.8430469	9.656719	N
-0.038320314	0.8047266	10.039923	N
-0.07664063	0.8047266	10.116563	N
0.07664063	0.8813672	9.656719	N
-0.07664063	0.728086	9.963282	N
-0.2682422	0.728086	10.538086	N
-0.2682422	0.8047266	10.346485	N
0.11496094	0.8047266	9.8866415	N
0.22992188	0.9196875	9.69504	N
0.38320315	0.9580079	9.618399	N
-0.45984375	0.6514453	10.308165	N
-0.3065625	0.68976563	10.346485	N
0.19160157	0.7664063	9.848321	N
0.19160157	0.5748047	9.350157	N
-0.22992188	0.68976563	10.116563	N
-0.0	0.728086	9.848321	N
0.15328126	0.9580079	9.69504	N
-0.19160157	0.8813672	10.001602	N
-0.2682422	0.728086	10.269844	N
0.038320314	0.613125	9.8866415	N
-0.19160157	0.8813672	10.116563	N
-0.07664063	0.8047266	10.039923	N
0.038320314	0.7664063	9.8866415	N
-0.19160157	0.7664063	10.116563	N
-0.15328126	0.68976563	9.963282	N
-0.15328126	0.7664063	10.001602	N
-0.15328126	0.9196875	10.039923	N
-0.07664063	0.8430469	9.963282	N
-0.11496094	0.8813672	10.078242	N
-0.11496094	0.8047266	10.078242	N
-0.038320314	0.6514453	9.963282	N
-0.19160157	0.8047266	9.963282	N
-0.07664063	0.8047266	9.924961	N
-0.15328126	0.8047266	10.193204	N
-0.038320314	0.728086	10.001602	N
-0.34488282	0.8430469	11.151212	N
1.1112891	0.9580079	7.7407036	N
-0.19160157	0.4981641	10.346485	N
-0.15328126	1.1496094	10.346485	N
0.19160157	0.6514453	9.350157	N
