% Generated on 04/05/2014 @ 19:31:01
% By Dhawal Srivastava - PotHole - Smooth Road - CurbHit - PhoneDrop - SpeedBump - Speed
-0.3138128	-0.92182505	11.120741	0	0	0	0	0	-1
0.44129923	-0.06864655	10.100849	0	0	0	0	0	-1
-0.19613299	-1.0983448	11.316874	0	0	0	0	0	-1
-0.0784532	0.2549729	11.630687	0	0	0	0	0	-1
0.42168593	-0.79433864	8.639658	0	0	0	0	0	-1
0.2353596	0.6276256	9.022118	0	0	0	0	0	-1
-0.8041453	-0.1176798	8.423912	0	0	0	0	0	-1
-0.2549729	0.5393657	10.718668	0	0	0	0	0	-1
0.84337187	-0.20593965	10.316595	0	0	0	0	0	-1
0.14709975	0.26477954	12.366185	0	0	0	0	0	-1
0.36284605	-0.93163174	9.384964	0	0	0	0	0	-1
-0.18632634	-0.48052585	9.92433	0	0	0	0	0	-1
-0.93163174	0.20593965	9.57129	0	0	0	0	0	-1
0.24516624	0.2549729	9.5320635	0	0	0	0	0	-1
-1.5886773	-0.26477954	9.522257	0	0	0	0	0	-1
-0.0196133	-0.26477954	7.482474	0	0	0	0	0	-1
-1.7161638	-0.39226598	9.796844	0	0	0	0	0	-1
0.9120184	-0.049033247	9.031924	0	0	0	0	0	-1
1.0689248	-0.4314926	12.317152	0	0	0	0	0	-1
0.24516624	-0.6864655	11.189387	0	0	0	0	0	-1
0.69627213	-0.06864655	9.767424	0	0	0	0	0	-1
-1.2160245	0.37265268	10.355823	0	0	0	0	0	-1
-0.7256921	0.26477954	10.110656	0	0	0	0	0	-1
-0.12748645	0.55897903	9.551677	0	0	0	0	0	-1
-0.9022118	0.1176798	10.208722	0	0	0	0	0	-1
0.2157463	0.0392266	10.404856	0	0	0	0	0	-1
0.56878567	0.0196133	9.77723	0	0	0	0	0	-1
0.4118793	0.2549729	10.551955	0	0	0	0	0	-1
0.049033247	-0.30400613	9.345737	0	0	0	0	0	-1
0.78453195	-1.9417167	7.050981	0	0	0	0	0	-1
-0.55897903	-0.18632634	9.5320635	0	0	0	0	0	-1
-0.79433864	0.6668522	9.551677	0	0	0	0	0	-1
-1.539644	0.60801226	9.698776	0	0	0	0	0	-1
-0.88259846	0.36284605	10.895188	0	0	0	0	0	-1
-0.9022118	0.70607877	8.208166	0	0	0	0	0	-1
0.049033247	0.24516624	9.45361	0	0	0	0	0	-1
-0.588399	0.4511059	10.600988	0	0	0	0	0	-1
-0.9904716	0.2549729	9.708583	0	0	0	0	0	-1
-0.32361946	0.34323275	9.561483	0	0	0	0	0	-1
-0.69627213	0.5982056	10.257755	0	0	0	0	0	-1
-0.79433864	-0.10787315	9.845877	0	0	0	0	0	-1
-0.78453195	0.2549729	9.826263	0	0	0	0	0	-1
-0.92182505	1.0787314	9.590903	0	0	0	0	0	-1
-0.4707192	0.49033248	10.424469	0	0	0	0	0	-1
-0.9022118	0.24516624	11.012868	0	0	0	0	0	-1
-0.8139519	-0.0588399	10.159689	0	0	0	0	0	-1
-1.1964113	0.5001391	9.757616	0	0	0	0	0	-1
-0.39226598	-0.34323275	9.679163	0	0	0	0	0	-1
0.35303938	0.37265268	9.345737	0	0	0	0	0	-1
0.088259846	0.83356524	9.473224	0	0	0	0	0	-1
-0.5982056	-0.0196133	11.081514	0	0	0	0	0	-1
-0.951245	0.42168593	10.081236	0	0	0	0	0	-1
0.37265268	0.1176798	10.0910425	0	0	0	0	0	-1
-0.44129923	-0.28439283	9.679163	0	0	0	0	0	-1
-1.0395049	0.56878567	13.444917	0	0	0	0	0	-1
-1.5788707	-1.1964113	10.1989155	0	0	0	0	0	-1
-1.8044236	0.4118793	11.53262	0	0	0	0	0	-1
-1.6279038	-0.51975244	9.845877	0	0	0	0	0	-1
0.69627213	0.06864655	8.237586	0	0	0	0	0	-1
0.098066494	-1.6671305	11.826819	0	0	0	0	0	-1
-0.4707192	-0.0588399	11.571847	0	0	0	0	0	-1
-0.18632634	0.0	12.503478	0	0	0	0	0	-1
-0.4314926	-0.7747253	10.993255	0	0	0	0	0	-1
0.22555295	-1.1866046	7.9335794	0	0	0	0	0	-1
-1.2160245	-1.2650578	9.992976	0	0	0	0	0	-1
-0.7354987	-0.8629852	7.5217004	0	0	0	0	0	-1
-0.5295591	-0.6276256	10.355823	0	0	0	0	0	-1
-0.70607877	-1.0296983	10.630408	0	0	0	0	0	-1
-0.00980665	-0.40207264	9.45361	0	0	0	0	0	-1
-0.40207264	-0.1176798	8.561205	0	0	0	0	0	-1
-0.70607877	-2.265336	11.228614	0	0	0	0	0	-1
-0.3334261	-1.5494506	10.620602	0	0	0	0	0	-1
-0.4511059	-0.3334261	8.365072	0	0	0	0	0	-1
0.5393657	0.0784532	10.875574	0	0	0	0	0	-1
-0.38245934	-0.4707192	10.610795	0	0	0	0	0	-1
-0.38245934	-0.4314926	9.061344	0	0	0	0	0	-1
0.8727918	-1.3827376	9.551677	0	0	0	0	0	-1
-1.0983448	-0.51975244	11.071708	0	0	0	0	0	-1
0.55897903	-0.57859236	9.92433	0	0	0	0	0	-1
0.39226598	-0.18632634	9.257478	0	0	0	0	0	-1
0.06864655	-1.2062179	11.179581	0	0	0	0	0	-1
0.7256921	0.3334261	11.6110735	0	0	0	0	0	-1
1.2160245	0.42168593	12.160246	0	0	0	0	0	-1
0.4118793	-0.39226598	11.3561	0	0	0	0	0	-1
0.35303938	-1.0395049	9.83607	0	0	0	0	0	-1
1.0002782	-0.24516624	9.169217	0	0	0	0	0	-1
0.48052585	-0.61781895	8.963278	0	0	0	0	0	-1
0.56878567	-0.35303938	11.022675	0	0	0	0	0	-1
-0.56878567	-1.0100849	10.640215	0	0	0	0	0	-1
0.5393657	0.93163174	10.9442215	0	0	0	0	0	-1
-0.40207264	0.0392266	8.796565	0	0	0	0	0	-1
0.71588546	-0.4707192	10.718668	0	0	0	0	0	-1
-0.3334261	0.1176798	12.4642515	0	0	0	0	0	-1
0.28439283	-0.18632634	10.071429	0	0	0	0	0	-1
0.55897903	-0.14709975	9.86549	0	0	0	0	0	-1
0.46091253	-0.37265268	8.963278	0	0	0	0	0	-1
0.4118793	-0.0784532	10.493115	0	0	0	0	0	-1
0.61781895	-0.6668522	9.816457	0	0	0	0	0	-1
0.57859236	-0.37265268	10.395049	0	0	0	0	0	-1
0.75511205	-0.40207264	9.92433	0	0	0	0	0	-1
0.92182505	-0.17651969	9.943943	0	0	0	0	0	-1
0.9120184	-0.1176798	9.885103	0	0	0	0	0	-1
0.57859236	-0.20593965	9.747809	0	0	0	0	0	-1
0.98066497	-0.26477954	10.296982	0	0	0	0	0	-1
1.0689248	-0.32361946	10.267562	0	0	0	0	0	-1
1.0198916	-0.5491724	10.169496	0	0	0	0	0	-1
1.0002782	-0.20593965	10.022396	0	0	0	0	0	-1
1.1866046	0.0	10.5715685	0	0	0	0	0	-1
1.2062179	-0.088259846	9.992976	0	0	0	0	0	-1
1.3140911	-0.60801226	10.659828	0	0	0	0	0	-1
0.8629852	-0.4707192	10.238142	0	0	0	0	0	-1
0.7649187	-0.1176798	10.051816	0	0	0	0	0	-1
1.0002782	0.1176798	10.306788	0	0	0	0	0	-1
0.8041453	0.098066494	10.404856	0	0	0	0	0	-1
0.38245934	-0.2941995	10.051816	0	0	0	0	0	-1
0.02941995	-0.2549729	10.081236	0	0	0	0	0	-1
-0.88259846	0.1176798	10.002783	0	0	0	0	0	-1
-0.55897903	-0.0588399	9.992976	0	0	0	0	0	-1
-0.57859236	-0.18632634	10.355823	0	0	0	0	0	-1
-0.40207264	-0.18632634	10.100849	0	0	0	0	0	-1
-0.6766588	0.00980665	9.306511	0	0	0	0	0	-1
-1.1179581	-0.10787315	10.777508	0	0	0	0	0	-1
-0.9120184	0.0392266	9.473224	0	0	0	0	0	-1
-0.8727918	-0.1176798	10.002783	0	0	0	0	0	-1
-0.8139519	-0.1569064	9.649743	0	0	0	0	0	-1
-0.9414384	0.22555295	9.77723	0	0	0	0	0	-1
-0.9120184	0.34323275	10.130269	0	0	0	0	0	-1
-0.7256921	-0.0196133	10.081236	0	0	0	0	0	-1
-0.92182505	0.088259846	9.934136	0	0	0	0	0	-1
-0.6668522	0.1372931	10.247949	0	0	0	0	0	-1
-1.176798	0.60801226	9.561483	0	0	0	0	0	-1
-1.0002782	0.3138128	10.149882	0	0	0	0	0	-1
-1.0689248	0.1569064	10.247949	0	0	0	0	0	-1
-1.0395049	0.1372931	10.081236	0	0	0	0	0	-1
-0.8629852	0.36284605	9.738003	0	0	0	0	0	-1
-0.79433864	0.44129923	9.698776	0	0	0	0	0	-1
-0.8237586	0.2941995	10.042009	0	0	0	0	0	-1
-0.8041453	0.2549729	10.600988	0	0	0	0	0	-1
-0.79433864	0.49033248	9.963556	0	0	0	0	0	-1
-0.4511059	0.46091253	10.120462	0	0	0	0	0	-1
-0.60801226	0.7354987	9.708583	0	0	0	0	0	-1
-0.26477954	0.44129923	9.992976	0	0	0	0	0	-1
-0.57859236	0.3138128	10.404856	0	0	0	0	0	-1
-1.0689248	0.28439283	10.365629	0	0	0	0	0	-1
-1.0296983	0.4707192	10.395049	0	0	0	0	0	-1
-1.0395049	1.0591182	10.140076	0	0	0	0	0	-1
-0.9610517	0.74530536	9.120184	0	0	0	0	0	-1
-0.8629852	0.84337187	9.98317	0	0	0	0	0	-1
-1.0983448	0.28439283	10.404856	0	0	0	0	0	-1
-0.9904716	0.7256921	10.238142	0	0	0	0	0	-1
-1.1179581	0.79433864	9.620323	0	0	0	0	0	-1
-0.89240515	0.75511205	10.120462	0	0	0	0	0	-1
-0.84337187	1.2650578	10.0910425	0	0	0	0	0	-1
-1.1081514	0.5982056	9.463417	0	0	0	0	0	-1
-0.7256921	1.0002782	10.247949	0	0	0	0	0	-1
-0.70607877	0.8629852	9.257478	0	0	0	0	0	-1
-0.98066497	0.83356524	10.414662	0	0	0	0	0	-1
-0.83356524	0.8139519	10.277369	0	0	0	0	0	-1
-1.2258313	0.89240515	10.002783	0	0	0	0	0	-1
-0.9120184	1.372931	9.4241905	0	0	0	0	0	-1
-0.60801226	1.4906107	9.728196	0	0	0	0	0	-1
-0.588399	1.6180972	9.2378645	0	0	0	0	0	-1
-0.8237586	1.2650578	10.051816	0	0	0	0	0	-1
-0.6668522	0.9414384	10.708861	0	0	0	0	0	-1
-0.84337187	0.8531785	9.522257	0	0	0	0	0	-1
-0.55897903	1.0787314	10.247949	0	0	0	0	0	-1
-1.1571847	0.6668522	9.345737	0	0	0	0	0	-1
-0.9610517	0.71588546	10.855961	0	0	0	0	0	-1
-1.1277647	1.539644	10.326403	0	0	0	0	0	-1
-0.4707192	1.2650578	10.708861	0	0	0	0	0	-1
-0.51975244	1.2944778	10.277369	0	0	0	0	0	-1
-1.0591182	1.0296983	9.934136	0	0	0	0	0	-1
-1.4906107	1.2748644	8.267006	0	0	0	0	0	-1
-1.1964113	0.9120184	11.140354	0	0	0	0	0	-1
-1.372931	1.0983448	9.973363	0	0	0	0	0	-1
-0.5982056	0.46091253	11.150161	0	0	0	0	0	-1
-1.3337044	0.92182505	9.2378645	0	0	0	0	0	-1
-1.2552512	0.78453195	10.738281	0	0	0	0	0	-1
-1.539644	0.49033248	10.914802	0	0	0	0	0	-1
-1.2552512	0.37265268	9.4241905	0	0	0	0	0	-1
-1.5200307	0.30400613	9.296704	0	0	0	0	0	-1
-1.3827376	0.2745862	10.561762	0	0	0	0	0	-1
-1.8338435	0.2353596	9.463417	0	0	0	0	0	-1
-2.3045628	0.2353596	9.100571	0	0	0	0	0	-1
-1.176798	-0.19613299	10.836348	0	0	0	0	0	-1
-1.3238977	0.00980665	10.346016	0	0	0	0	0	-1
-2.0201697	0.65704554	9.394771	0	0	0	0	0	-1
-2.0888164	-0.088259846	9.620323	0	0	0	0	0	-1
-1.343511	0.19613299	10.238142	0	0	0	0	0	-1
-2.5399222	0.1569064	9.796844	0	0	0	0	0	-1
-1.8240368	-0.0784532	10.718668	0	0	0	0	0	-1
-1.8926834	-0.4707192	10.277369	0	0	0	0	0	-1
-2.098623	-0.42168593	10.002783	0	0	0	0	0	-1
-1.9711366	-1.0296983	9.179024	0	0	0	0	0	-1
-2.0397832	-0.24516624	9.4241905	0	0	0	0	0	-1
-1.9221034	0.0588399	9.855683	0	0	0	0	0	-1
-2.1084297	0.0784532	10.689248	0	0	0	0	0	-1
-2.2064962	-0.26477954	9.973363	0	0	0	0	0	-1
-1.8338435	-0.39226598	10.208722	0	0	0	0	0	-1
-1.8926834	-0.17651969	10.120462	0	0	0	0	0	-1
-1.6475172	-0.2549729	9.365351	0	0	0	0	0	-1
-1.706357	0.2745862	9.7183895	0	0	0	0	0	-1
-1.5592573	0.2941995	10.473502	0	0	0	0	0	-1
-1.7750036	-0.0588399	9.208445	0	0	0	0	0	-1
-2.0299766	-0.4511059	10.336209	0	0	0	0	0	-1
-1.7259704	0.0392266	10.346016	0	0	0	0	0	-1
-1.8632635	0.5295591	10.895188	0	0	0	0	0	-1
-2.1182363	-0.36284605	10.238142	0	0	0	0	0	-1
-1.6573238	-0.6276256	11.346293	0	0	0	0	0	-1
-2.1672697	-0.20593965	9.855683	0	0	0	0	0	-1
-1.8436501	0.38245934	9.404577	0	0	0	0	0	-1
-1.6573238	0.32361946	9.228058	0	0	0	0	0	-1
-1.3925443	-0.51975244	9.963556	0	0	0	0	0	-1
-1.5592573	-0.49033248	10.581375	0	0	0	0	0	-1
-1.6180972	-0.2941995	9.57129	0	0	0	0	0	-1
-1.3631244	-0.0196133	10.012589	0	0	0	0	0	-1
-1.6671305	-0.19613299	9.86549	0	0	0	0	0	-1
-1.9122967	-0.5295591	11.228614	0	0	0	0	0	-1
-1.8828768	-0.4511059	9.92433	0	0	0	0	0	-1
-1.6475172	0.098066494	10.159689	0	0	0	0	0	-1
-1.2650578	-0.2745862	9.169217	0	0	0	0	0	-1
-1.90249	0.0784532	9.796844	0	0	0	0	0	-1
-1.3042845	0.0784532	10.355823	0	0	0	0	0	-1
-1.8436501	0.36284605	9.463417	0	0	0	0	0	-1
-1.5592573	0.3334261	9.963556	0	0	0	0	0	-1
-1.2356379	0.00980665	11.179581	0	0	0	0	0	-1
-1.7259704	-0.1176798	11.081514	0	0	0	0	0	-1
-1.6082906	0.3334261	9.65955	0	0	0	0	0	-1
-1.5200307	0.2353596	9.95375	0	0	0	0	0	-1
-1.3337044	-0.2745862	10.904995	0	0	0	0	0	-1
-1.3140911	-0.78453195	9.992976	0	0	0	0	0	-1
-1.0100849	0.0	10.247949	0	0	0	0	0	-1
-0.55897903	0.2745862	8.933858	0	0	0	0	0	-1
-0.92182505	0.24516624	10.512729	0	0	0	0	0	-1
-1.0591182	-0.14709975	8.982891	0	0	0	0	0	-1
-1.7455837	0.19613299	10.806928	0	0	0	0	0	-1
-1.147378	0.5099458	11.110934	0	0	0	0	0	-1
-1.4906107	-0.18632634	8.002226	0	0	0	0	0	-1
-1.2748644	-0.0588399	10.581375	0	0	0	0	0	-1
-0.8531785	0.5491724	9.365351	0	0	0	0	0	-1
-1.2062179	0.3334261	8.276813	0	0	0	0	0	-1
-1.8436501	0.20593965	10.7578945	0	0	0	0	0	-1
-0.7649187	0.06864655	9.022118	0	0	0	0	0	-1
-1.3827376	0.17651969	10.424469	0	0	0	0	0	-1
-0.98066497	0.3138128	10.502922	0	0	0	0	0	-1
-0.5491724	-0.0588399	10.051816	0	0	0	0	0	-1
-0.8727918	-0.34323275	9.83607	0	0	0	0	0	-1
-0.98066497	0.098066494	9.277091	0	0	0	0	0	-1
-0.49033248	0.6472389	10.346016	0	0	0	0	0	-1
-0.9610517	0.06864655	9.95375	0	0	0	0	0	-1
-0.6766588	-0.2157463	11.199194	0	0	0	0	0	-1
-0.60801226	0.088259846	9.826263	0	0	0	0	0	-1
-0.89240515	0.1569064	10.159689	0	0	0	0	0	-1
-0.49033248	0.2157463	9.590903	0	0	0	0	0	-1
-0.588399	0.2157463	10.473502	0	0	0	0	0	-1
-0.89240515	0.19613299	10.385242	0	0	0	0	0	-1
-0.5393657	0.2157463	10.395049	0	0	0	0	0	-1
-0.5099458	0.2353596	10.247949	0	0	0	0	0	-1
-0.7354987	0.2941995	10.238142	0	0	0	0	0	-1
-0.78453195	-0.19613299	9.86549	0	0	0	0	0	-1
-0.55897903	0.20593965	10.042009	0	0	0	0	0	-1
-0.40207264	0.4118793	10.316595	0	0	0	0	0	-1
-0.5982056	-0.4511059	10.100849	0	0	0	0	0	-1
-0.60801226	-0.1176798	9.747809	0	0	0	0	0	-1
-0.92182505	0.2353596	10.032203	0	0	0	0	0	-1
-0.2353596	0.14709975	9.89491	0	0	0	0	0	-1
-0.6864655	-0.9904716	9.63013	0	0	0	0	0	-1
-0.7747253	-1.0100849	10.179302	0	0	0	0	0	-1
-1.3140911	-0.69627213	9.041731	0	0	0	0	0	-1
-0.20593965	0.19613299	6.8156214	0	0	0	0	0	-1
-0.46091253	-0.44129923	10.708861	0	0	0	0	0	-1
-0.8629852	0.0392266	10.012589	0	0	0	0	0	-1
-0.71588546	0.1372931	9.610517	0	0	0	0	0	-1
-1.3631244	0.48052585	12.199472	0	0	0	0	0	-1
-1.2258313	0.5491724	10.7578945	0	0	0	0	0	-1
-1.1081514	-0.00980665	10.346016	0	0	0	0	0	-1
-0.37265268	1.0787314	9.316318	0	0	0	0	0	-1
-1.7455837	-0.14709975	11.307067	0	0	0	0	0	-1
-0.75511205	0.049033247	9.022118	0	0	0	0	0	-1
-0.93163174	-0.39226598	9.98317	0	0	0	0	0	-1
-0.7747253	-0.6374322	9.875297	0	0	0	0	0	-1
-1.5984839	0.4707192	11.130548	0	0	0	0	0	-1
-0.5393657	0.93163174	8.875018	0	0	0	0	0	-1
-0.5099458	0.78453195	8.884825	0	0	0	0	-1	-1
-2.0397832	-0.26477954	11.503201	0	0	0	0	0	-1
-1.2160245	-0.42168593	9.787037	0	0	0	0	0	-1
-1.4219642	0.3138128	11.76798	0	0	0	0	0	-1
-0.83356524	0.88259846	10.630408	0	0	0	0	0	-1
-1.3925443	0.19613299	11.964112	0	0	0	0	-1	-1
-0.8727918	-0.06864655	10.8657675	0	0	0	0	0	-1
-1.4709975	0.6864655	9.473224	0	0	0	0	0	-1
-0.17651969	1.1964113	9.090764	0	0	0	0	0	-1
-0.70607877	-0.1569064	9.80665	0	0	0	0	0	-1
-0.8629852	-0.6766588	10.218529	0	0	0	0	0	-1
-0.5001391	0.10787315	9.669356	0	0	0	0	0	-1
-0.588399	-0.1176798	9.816457	0	0	0	0	0	-1
-0.88259846	-0.06864655	10.149882	0	0	0	0	0	-1
-0.44129923	-0.3138128	9.60071	0	0	0	0	0	-1
-0.4707192	-0.0588399	9.355544	0	0	0	0	0	-1
-0.71588546	-0.0392266	9.51245	0	0	0	0	0	-1
-0.6668522	-0.32361946	10.316595	0	0	0	0	0	-1
-0.6668522	0.00980665	9.54187	0	0	0	0	0	-1
-0.5295591	-0.34323275	10.218529	0	0	0	0	0	-1
-0.56878567	-0.3138128	10.061623	0	0	0	0	0	-1
-0.7649187	-0.0784532	10.022396	0	0	0	0	0	-1
-0.5491724	0.0784532	9.4241905	0	0	0	0	0	-1
-0.6472389	0.0784532	9.816457	0	0	0	0	0	-1
-1.1081514	-0.02941995	10.424469	0	0	0	0	0	-1
-0.8041453	-0.42168593	10.718668	0	0	0	0	0	-1
-0.36284605	0.2745862	10.336209	0	0	0	0	0	-1
-0.75511205	0.2941995	10.483309	0	0	0	0	0	-1
-0.951245	-0.02941995	9.384964	0	0	0	0	0	-1
-0.78453195	-0.3334261	7.7668667	0	0	0	0	0	-1
-0.16671304	0.0196133	10.1989155	0	0	0	0	0	-1
-0.79433864	-0.0588399	9.787037	0	0	0	0	0	-1
-1.5298374	-0.84337187	11.463974	0	0	0	0	0	-1
-0.97085834	-0.78453195	9.80665	0	0	0	0	0	-1
-1.6573238	0.20593965	9.306511	0	0	0	0	0	-1
-0.28439283	-0.2353596	9.375157	0	0	0	0	0	-1
-1.1866046	-0.4314926	10.179302	0	0	0	0	0	-1
-0.10787315	-1.4121575	10.983448	0	0	0	0	0	-1
-1.1571847	-0.71588546	8.443525	0	0	0	0	0	-1
-0.75511205	-1.4121575	9.649743	0	0	0	0	0	-1
-1.1964113	-1.2552512	10.061623	0	0	0	0	0	-1
-1.176798	-0.6472389	9.522257	0	0	0	0	0	-1
-0.8629852	-1.6769371	12.042566	0	0	0	0	0	-1
-1.0591182	-0.588399	10.395049	0	0	0	0	0	-1
-0.5099458	-0.69627213	9.18883	0	0	0	0	0	-1
-0.48052585	-0.2549729	7.9728065	0	0	0	0	0	-1
-0.16671304	-0.65704554	9.365351	0	0	0	0	0	-1
-0.8727918	-0.93163174	12.287732	0	0	0	0	0	-1
-1.2258313	-0.7649187	11.248227	0	0	0	0	0	-1
-0.4511059	-0.02941995	8.875018	0	0	0	0	0	-1
-1.6279038	-0.2353596	11.777786	0	0	0	0	0	-1
-1.0198916	0.19613299	10.032203	0	0	0	0	0	-1
0.088259846	-0.8041453	10.963835	0	0	0	0	0	-1
-0.35303938	-0.36284605	10.610795	0	0	0	0	0	-1
-0.17651969	-0.65704554	10.679441	0	0	0	0	0	-1
0.16671304	-0.2941995	10.179302	0	0	0	0	0	-1
-0.44129923	-0.55897903	9.92433	0	0	0	0	0	-1
-0.32361946	-0.84337187	8.335652	0	0	0	0	0	-1
0.12748645	-0.75511205	10.5715685	0	0	0	0	0	-1
0.02941995	-0.8139519	11.307067	0	0	0	0	0	-1
0.46091253	-0.3138128	8.757339	0	0	0	0	0	-1
0.16671304	-0.5393657	9.639936	0	0	0	0	0	-1
-0.2549729	-0.5393657	9.767424	0	0	0	0	0	-1
0.2549729	-0.19613299	9.610517	0	0	0	0	0	-1
0.4707192	-0.7256921	9.68897	0	0	0	0	0	-1
0.55897903	-0.51975244	10.924608	0	0	0	0	0	-1
0.0588399	-0.84337187	9.92433	0	0	0	0	0	-1
0.06864655	0.2353596	10.826541	0	0	0	0	0	-1
0.36284605	0.2157463	9.610517	0	0	0	0	0	-1
-0.71588546	-0.9022118	9.698776	0	0	0	0	0	-1
1.0296983	-0.5295591	11.76798	0	0	0	0	0	-1
1.1179581	0.2549729	9.522257	0	0	0	0	0	-1
1.4219642	-1.0983448	9.581097	0	0	0	0	0	-1
0.8237586	-0.9414384	10.493115	0	0	0	0	0	-1
0.951245	-0.51975244	9.384964	0	0	0	0	0	-1
0.61781895	-0.79433864	9.355544	0	0	0	0	0	-1
0.4707192	-0.39226598	8.551398	0	0	0	0	0	-1
-0.4118793	-0.6374322	11.189387	0	0	0	0	0	-1
-0.6276256	-1.0198916	9.375157	0	0	0	0	0	-1
-0.3138128	-1.147378	9.885103	0	0	0	0	0	-1
-1.0100849	-1.4808041	10.708861	0	0	0	0	0	-1
-0.5295591	-1.5984839	10.895188	0	0	0	0	0	-1
-1.2062179	-1.7259704	8.992698	0	0	0	0	0	-1
-0.588399	-1.5004175	8.982891	0	0	0	0	0	-1
-1.0100849	-2.0593965	10.934415	0	0	0	0	0	-1
-0.44129923	-1.3238977	10.512729	0	0	0	0	0	-1
-0.65704554	-1.5886773	10.787314	0	0	0	0	0	-1
-0.9120184	-1.8338435	9.80665	0	0	0	0	0	-1
-0.49033248	-2.5006957	9.63013	0	0	0	0	0	-1
-1.6475172	-2.3830159	9.267284	0	0	0	0	0	-1
-1.0591182	-2.5987623	10.826541	0	0	0	0	0	-1
-0.6766588	-2.490889	9.738003	0	0	0	0	0	-1
-0.6864655	-2.5105023	11.179581	0	0	0	0	0	-1
-0.2353596	-2.2751427	9.98317	0	0	0	0	0	-1
-1.372931	-1.5298374	8.482752	0	0	0	0	0	-1
-1.0395049	-2.4124358	9.698776	0	0	0	0	0	-1
-0.8041453	-2.2457228	8.982891	0	0	0	0	0	-1
-0.049033247	-1.176798	10.551955	0	0	0	0	0	-1
-0.1372931	-1.3533176	10.1989155	0	0	0	0	0	-1
-1.1375713	-2.5006957	9.639936	0	0	0	0	0	-1
-0.5491724	-2.6968286	9.934136	0	0	0	0	0	-1
-0.55897903	-3.108708	9.149604	0	0	0	0	0	-1
-0.6276256	-2.4124358	10.277369	0	0	0	0	0	-1
-0.6374322	-2.0495899	9.934136	0	0	0	0	0	-1
-0.8629852	-2.8635418	10.257755	0	0	0	0	0	-1
-0.79433864	-2.2457228	8.472945	0	0	0	0	0	-1
-0.6766588	-3.2361944	10.0910425	0	0	0	0	0	-1
-0.7354987	-1.8044236	9.355544	0	0	0	0	0	-1
-1.0002782	1.0395049	10.689248	0	0	0	0	0	-1
-1.372931	-1.2258313	11.522814	0	0	0	0	0	-1
-0.3334261	-1.2062179	10.238142	0	0	0	0	0	-1
-0.93163174	-1.5690639	9.649743	0	0	0	0	0	-1
-0.32361946	-2.9812214	8.1101	0	0	0	0	0	-1
-1.2650578	-0.3334261	8.669079	0	0	0	0	0	-1
-2.3045628	0.5001391	8.776952	0	0	0	0	0	-1
-1.8828768	-1.2748644	13.248784	0	0	0	0	0	-1
-0.89240515	-1.735777	9.610517	0	0	0	0	0	-1
-0.6766588	-2.6772153	10.208722	0	0	0	0	0	-1
-0.69627213	-0.4707192	11.189387	0	0	0	0	0	-1
-1.0395049	-0.1176798	9.179024	0	0	0	0	0	-1
-0.7747253	-0.5491724	7.3157606	0	0	0	0	0	-1
-1.5788707	-0.57859236	9.83607	0	0	0	0	0	-1
-1.8632635	-0.38245934	11.405133	0	0	0	0	0	-1
-0.4511059	-0.8041453	11.032481	0	0	0	0	0	-1
-0.78453195	0.06864655	9.139797	0	0	0	0	0	-1
-1.2748644	-0.1176798	10.551955	0	0	0	0	0	-1
-0.93163174	-0.19613299	10.238142	0	0	0	0	0	-1
-1.7455837	0.0196133	9.963556	0	0	0	0	0	-1
-0.4314926	0.4511059	11.110934	0	0	0	0	0	-1
-1.0198916	-0.40207264	8.914245	0	0	0	0	0	-1
-1.4121575	-0.0784532	11.885659	0	0	0	0	0	-1
-0.35303938	-1.1375713	9.973363	0	0	0	0	0	-1
-1.2062179	-1.0198916	11.4247465	0	0	0	0	0	-1
-2.6281822	-1.0983448	9.031924	0	0	0	0	0	-1
-0.7354987	-1.1375713	12.228892	0	0	0	0	0	-1
-0.75511205	-0.9610517	9.2378645	0	0	0	0	0	-1
-0.49033248	0.02941995	9.54187	0	0	0	0	0	-1
-1.0493115	0.06864655	9.787037	0	0	0	0	0	-1
-1.343511	-0.37265268	8.16894	0	0	0	0	0	-1
-1.7651969	-0.83356524	10.728475	0	0	0	0	0	-1
-0.56878567	0.22555295	9.15941	0	0	0	0	0	-1
-1.5004175	-0.5982056	11.29726	0	0	0	0	0	-1
-1.343511	-0.40207264	9.345737	0	0	0	0	0	-1
0.02941995	-1.2944778	10.551955	0	0	0	0	0	-1
-0.7256921	-1.2356379	9.031924	0	0	0	0	0	-1
-1.3925443	0.02941995	10.061623	0	0	0	0	0	-1
-0.55897903	0.8237586	8.423912	0	0	0	0	0	-1
-0.98066497	0.0392266	10.904995	0	0	0	0	0	-1
-0.2549729	-0.75511205	9.639936	0	0	0	0	0	-1
-1.3337044	-0.78453195	9.473224	0	0	0	0	0	-1
-0.48052585	-0.10787315	7.335374	0	0	0	0	0	-1
-0.8041453	-1.8240368	10.591182	0	0	0	0	0	-1
-1.4317709	0.28439283	9.335931	0	0	0	0	0	-1
-0.61781895	-1.4317709	8.786758	0	0	0	0	0	-1
-1.3140911	-0.6472389	10.532342	0	0	0	0	0	-1
-1.0198916	-1.1571847	9.502644	0	0	0	0	0	-1
-1.176798	0.1569064	10.326403	0	0	0	0	0	-1
-0.2745862	-0.83356524	9.698776	0	0	0	0	0	-1
-0.9414384	0.1372931	9.649743	0	0	0	0	0	-1
0.24516624	-0.56878567	9.98317	0	0	0	0	0	-1
-0.32361946	-0.56878567	10.551955	0	0	0	0	0	-1
-0.38245934	0.28439283	8.973084	0	0	0	0	0	-1
-1.2062179	0.8727918	11.336487	0	0	0	0	0	-1
0.7649187	-0.4314926	8.041452	0	0	0	0	0	-1
-0.8727918	0.0	10.669635	0	0	0	0	0	-1
-0.7354987	0.00980665	10.0910425	0	0	0	0	0	-1
-1.1571847	-0.60801226	10.355823	0	0	0	0	0	-1
-1.1375713	-0.5295591	9.463417	0	0	0	0	0	-1
-1.0493115	-0.4118793	10.718668	0	0	0	0	0	-1
-0.12748645	-0.48052585	7.953193	0	0	0	0	0	-1
-1.7455837	-0.65704554	10.9442215	0	0	0	0	0	-1
-0.5491724	0.2157463	10.002783	0	0	0	0	0	-1
-1.0983448	0.6472389	8.8652115	0	0	0	0	0	-1
-0.1569064	1.0885382	9.816457	0	0	0	0	0	-1
-0.57859236	-0.6668522	9.98317	0	0	0	0	0	-1
-1.0002782	0.22555295	9.365351	0	0	0	0	0	-1
-0.70607877	-0.2549729	9.92433	0	0	0	0	0	-1
-1.0493115	0.0392266	10.875574	0	0	0	0	0	-1
-1.2846711	0.3138128	10.159689	0	0	0	0	0	-1
0.0196133	-0.74530536	9.885103	0	0	0	0	0	-1
-0.7256921	-0.3334261	12.434832	0	0	0	0	0	-1
-0.9610517	-0.6472389	9.826263	0	0	0	0	0	-1
-0.588399	-0.51975244	9.698776	0	0	0	0	0	-1
-0.40207264	0.71588546	10.973641	0	0	0	0	0	-1
-0.14709975	-0.6864655	9.92433	0	0	0	0	0	-1
0.74530536	-1.0591182	9.179024	0	0	0	0	0	-1
0.44129923	-0.48052585	9.92433	0	0	0	0	0	-1
0.24516624	-0.0392266	9.365351	0	0	0	0	0	-1
-0.00980665	-0.4314926	9.012311	0	0	0	0	0	-1
-0.098066494	0.46091253	9.77723	0	0	0	0	0	-1
-0.44129923	-0.44129923	10.708861	0	0	0	0	0	-1
-0.37265268	0.49033248	9.335931	0	0	0	0	0	-1
-0.56878567	1.0493115	11.071708	0	0	0	0	0	-1
-1.0787314	-0.1569064	10.895188	0	0	0	0	0	-1
-1.1375713	0.088259846	10.355823	0	0	0	0	0	-1
-1.0983448	-0.4314926	9.92433	0	0	0	0	0	-1
-1.3337044	1.1964113	11.120741	0	0	0	0	0	-1
-0.6374322	0.22555295	8.482752	0	0	0	0	0	-1
-1.1571847	-0.70607877	10.169496	0	0	0	0	0	-1
-0.69627213	-0.24516624	11.071708	0	0	0	0	0	-1
-0.2745862	-0.0196133	11.081514	-1	0	0	0	0	-1
-0.8629852	0.8531785	9.98317	0	0	0	0	0	-1
-0.5099458	0.60801226	8.796565	0	0	0	0	0	-1
-0.3138128	-0.4314926	10.179302	0	0	0	0	0	-1
-2.6379888	-0.51975244	10.914802	0	0	0	0	0	-1
-0.9022118	-2.0005565	9.943943	0	0	0	0	0	-1
0.30400613	-0.75511205	10.738281	0	0	0	0	0	-1
-0.0784532	0.4511059	8.698499	-1	0	0	0	0	-1
0.28439283	0.88259846	7.6295733	0	0	0	0	0	-1
-1.0983448	0.2745862	11.895466	0	0	0	0	0	-1
0.42168593	-0.55897903	10.375436	0	0	0	0	0	-1
1.3140911	-1.0296983	11.6503	0	0	0	0	0	-1
0.60801226	-0.9414384	9.306511	-1	0	0	0	0	-1
-0.36284605	-0.0392266	8.786758	0	0	0	0	0	-1
0.5295591	0.39226598	8.669079	0	0	0	0	0	-1
-0.2745862	0.4118793	9.68897	0	0	0	0	0	-1
-0.6276256	-0.19613299	8.727919	0	0	0	0	0	-1
-0.57859236	-0.4118793	10.5715685	0	0	0	0	0	-1
-0.6864655	0.42168593	10.738281	0	0	0	0	0	-1
-1.0296983	0.0588399	11.316874	0	0	0	0	0	-1
-0.049033247	0.60801226	9.620323	0	0	0	0	0	-1
-0.42168593	-0.18632634	9.738003	0	0	0	0	0	-1
-0.8727918	0.2941995	10.767701	0	0	0	0	0	-1
-0.83356524	-0.6276256	10.434276	0	0	0	0	0	-1
-1.7553903	0.3334261	10.159689	0	0	0	0	0	-1
-0.93163174	0.5491724	8.453332	-1	0	0	0	0	-1
-0.7649187	0.19613299	10.326403	0	0	0	0	0	-1
-1.1964113	-1.0983448	9.973363	0	0	0	0	0	-1
-1.8240368	-1.3631244	9.45361	0	0	0	0	0	-1
-0.5099458	-2.1182363	8.335652	0	0	0	0	0	-1
-1.372931	-0.61781895	10.306788	0	0	0	0	0	-1
-0.6864655	-0.6276256	9.649743	0	0	0	0	0	-1
-0.83356524	0.40207264	11.022675	0	0	0	0	0	-1
-1.4513842	-0.34323275	9.98317	0	0	0	0	0	-1
-0.16671304	-0.9904716	11.081514	0	0	0	0	0	-1
0.42168593	-0.2157463	10.365629	0	0	0	0	0	-1
-0.70607877	0.32361946	9.433997	0	0	0	0	0	-1
-0.9414384	0.1569064	8.669079	0	0	0	0	0	-1
-0.60801226	0.0588399	9.394771	0	0	0	0	0	-1
-1.176798	-1.1179581	10.1989155	0	0	0	0	0	-1
-1.4121575	-0.5491724	9.747809	0	0	0	0	0	-1
-0.3138128	-0.46091253	10.924608	0	0	0	0	0	-1
-1.1081514	0.51975244	10.277369	0	0	0	0	0	-1
-0.588399	0.9120184	10.326403	0	0	0	0	0	-1
-0.8531785	0.0392266	9.384964	0	0	0	0	0	-1
-1.2846711	0.0	10.424469	0	0	0	0	0	-1
-1.0493115	-0.9610517	9.620323	0	0	0	0	0	-1
-0.88259846	-0.0588399	10.473502	0	0	0	0	0	-1
-0.6276256	0.0196133	9.218251	0	0	0	0	0	-1
-1.4219642	0.78453195	10.140076	0	0	0	0	0	-1
-1.0493115	-0.56878567	9.7183895	0	0	0	0	0	-1
-1.0002782	-1.0002782	9.767424	0	0	0	0	0	-1
-1.7750036	-1.0591182	10.277369	0	0	0	0	0	-1
-0.69627213	0.42168593	10.600988	0	0	0	0	0	-1
-1.1375713	-0.0196133	9.110377	0	0	0	0	0	-1
-0.16671304	0.4707192	9.973363	0	0	0	0	0	-1
-0.9414384	-0.30400613	9.394771	0	0	0	0	0	-1
-0.37265268	-0.17651969	9.522257	0	0	0	0	0	-1
0.0	-0.2353596	10.140076	0	0	0	0	0	-1
-0.4707192	-0.34323275	8.708305	0	0	0	0	0	-1
-1.1669914	-0.39226598	9.306511	0	0	0	0	0	-1
-0.46091253	0.49033248	8.884825	0	0	0	0	0	-1
-0.1372931	-0.88259846	9.492837	0	0	0	0	0	-1
-0.78453195	0.049033247	9.473224	0	0	0	0	0	-1
-0.70607877	0.6668522	9.218251	0	0	0	0	0	-1
-0.9120184	-0.26477954	9.767424	0	0	0	0	0	-1
-0.0196133	-0.39226598	8.472945	0	0	0	0	0	-1
-0.60801226	-0.60801226	8.590625	0	0	0	0	0	-1
-0.39226598	0.22555295	9.934136	0	0	0	0	0	-1
-0.38245934	-0.2353596	9.48303	0	0	0	0	0	-1
-1.0002782	-0.17651969	10.748088	0	0	0	0	0	-1
-0.51975244	-0.3138128	9.620323	0	0	0	0	0	-1
0.0	-0.1176798	9.98317	0	0	0	0	0	-1
-0.48052585	-0.5295591	11.228614	0	0	0	0	0	-1
-0.84337187	-0.14709975	11.061901	0	0	0	0	0	-1
-0.32361946	-0.84337187	9.561483	0	0	0	0	0	-1
-0.5295591	-0.51975244	10.434276	0	0	0	0	0	-1
0.30400613	-0.1176798	10.473502	0	0	0	0	0	-1
-0.7649187	0.0588399	10.954028	0	0	0	0	0	-1
-0.19613299	-0.55897903	10.316595	0	0	0	0	0	-1
-0.38245934	-0.26477954	9.7183895	0	0	0	0	0	-1
-0.74530536	-0.06864655	10.022396	0	0	0	0	0	-1
-0.83356524	-0.10787315	9.590903	0	0	0	0	0	-1
-0.2941995	-0.20593965	10.620602	0	0	0	0	0	-1
0.1372931	0.00980665	11.689527	0	0	0	0	0	-1
0.049033247	-1.2062179	9.757616	0	0	0	0	0	-1
0.2157463	-1.8142302	9.80665	0	0	0	0	0	-1
0.2941995	-0.7649187	8.953471	0	0	0	0	0	-1
0.00980665	0.78453195	10.600988	0	0	0	0	0	-1
0.30400613	-1.2944778	10.277369	0	0	0	0	0	-1
0.93163174	-1.0395049	8.767145	0	0	0	0	0	-1
1.7750036	-0.06864655	9.394771	0	0	0	0	0	-1
0.22555295	0.5099458	11.189387	0	0	0	0	0	-1
0.20593965	0.0588399	11.091321	0	0	0	0	0	-1
0.78453195	0.0392266	9.335931	0	0	0	0	0	-1
0.70607877	-0.48052585	10.551955	0	0	0	0	0	-1
0.2745862	-0.6766588	9.581097	0	0	0	0	0	-1
1.1179581	-0.5393657	9.18883	0	0	0	0	0	-1
0.69627213	-0.65704554	10.032203	0	0	0	0	0	-1
0.84337187	-0.75511205	10.051816	0	0	0	0	0	-1
-0.02941995	0.60801226	10.728475	0	0	0	0	0	-1
1.2258313	-0.35303938	10.247949	0	0	0	0	0	-1
1.2748644	-0.49033248	9.80665	0	0	0	0	0	-1
1.0296983	-1.0198916	9.816457	0	0	0	0	0	-1
0.5099458	-0.5001391	9.679163	0	0	0	0	0	-1
0.9414384	0.38245934	10.296982	0	0	0	0	0	-1
1.2846711	0.3138128	10.022396	0	0	0	0	0	-1
1.176798	-1.4121575	11.061901	0	0	0	0	0	-1
0.8237586	-1.4023509	10.640215	0	0	0	0	0	-1
1.1866046	0.0196133	10.257755	0	0	0	0	0	-1
0.5099458	-0.0196133	9.708583	0	0	0	0	0	-1
0.7747253	-0.16671304	9.728196	0	0	0	0	0	-1
0.8629852	-0.6374322	10.404856	0	0	0	0	0	-1
0.38245934	-0.8041453	10.326403	0	0	0	0	0	-1
-0.6276256	-0.39226598	9.610517	0	0	0	0	0	-1
-1.2258313	-0.098066494	9.98317	0	0	0	0	0	-1
-1.0983448	-0.06864655	9.992976	0	0	0	0	0	-1
-0.7747253	-0.088259846	9.355544	0	0	0	0	0	-1
-1.176798	-0.22555295	10.140076	0	0	0	0	0	-1
-0.97085834	-0.24516624	9.92433	0	0	0	0	0	-1
-1.3827376	-0.19613299	10.247949	0	0	0	0	0	-1
-1.0787314	-0.35303938	10.071429	0	0	0	0	0	-1
-1.0198916	-0.22555295	10.100849	0	0	0	0	0	-1
-1.1081514	-0.2941995	10.306788	0	0	0	0	0	-1
-1.0002782	-0.38245934	9.943943	0	0	0	0	0	-1
-1.1277647	-0.2353596	10.365629	0	0	0	0	0	-1
-1.3631244	-0.20593965	9.639936	0	0	0	0	0	-1
-1.147378	-0.3334261	9.51245	0	0	0	0	0	-1
-1.1571847	-0.2353596	9.787037	0	0	0	0	0	-1
-1.8828768	-0.38245934	9.54187	0	0	0	0	0	-1
-1.99075	-0.0784532	10.296982	0	0	0	0	0	-1
-2.0397832	-0.1569064	9.767424	0	0	0	0	0	-1
-2.010363	-0.2549729	9.68897	0	0	0	0	0	-1
-1.8436501	-0.6276256	9.80665	0	0	0	0	0	-1
-1.8730701	0.14709975	9.80665	0	0	0	0	0	-1
-1.5886773	-0.3334261	10.404856	0	0	0	0	0	-1
-1.343511	-0.55897903	9.669356	0	0	0	0	0	-1
-1.4317709	-1.0002782	10.326403	0	0	0	0	0	-1
-1.5592573	0.22555295	9.65955	0	0	0	0	0	-1
-1.99075	-0.0196133	9.610517	0	0	0	0	0	-1
-1.8926834	0.06864655	9.384964	0	0	0	0	0	-1
-2.1574628	-0.92182505	10.296982	0	0	0	0	0	-1
-1.4513842	-0.9610517	10.767701	0	0	0	0	0	-1
-1.6671305	-0.44129923	9.963556	0	0	0	0	0	-1
-1.6082906	-0.0784532	9.581097	0	0	0	0	0	-1
-1.4317709	-0.46091253	9.610517	0	0	0	0	0	-1
-0.83356524	-0.83356524	9.68897	0	0	0	0	0	-1
-1.735777	-0.5099458	9.610517	0	0	0	0	0	-1
-1.2650578	-0.60801226	11.365907	0	0	0	0	0	-1
-1.0591182	0.5982056	11.26784	0	0	0	0	0	-1
-1.6475172	0.78453195	9.502644	0	0	0	0	0	-1
-0.6668522	0.1569064	8.914245	-1	0	0	0	0	-1
-1.7946169	-1.3925443	10.718668	0	0	0	0	0	-1
-1.3140911	-0.35303938	9.002504	0	0	0	0	0	-1
-0.88259846	0.3334261	8.551398	0	0	0	0	0	-1
-0.4314926	-0.28439283	9.728196	-1	0	0	0	0	-1
-0.71588546	0.55897903	10.365629	0	0	0	0	0	-1
-0.7747253	-0.4118793	9.551677	0	0	0	0	0	-1
-1.6867437	0.18632634	8.737725	0	0	0	0	0	-1
-1.1179581	0.5295591	10.836348	0	0	0	0	0	-1
-2.1476562	0.20593965	8.306232	0	0	0	0	0	-1
-0.97085834	1.0787314	9.885103	-1	0	0	0	0	-1
-0.0196133	1.2160245	11.061901	0	0	0	0	0	-1
-0.49033248	1.6082906	9.179024	-1	0	0	0	0	-1
-1.6671305	1.8828768	9.306511	0	0	0	0	0	-1
-0.8041453	1.6082906	8.247393	0	0	0	0	0	-1
-0.70607877	-0.35303938	10.218529	0	0	0	0	0	-1
-1.0002782	0.30400613	11.817013	0	0	0	0	0	-1
-1.5886773	0.51975244	11.32668	0	0	0	0	0	-1
-2.5791488	0.8041453	10.600988	0	0	0	0	0	-1
-1.6475172	0.49033248	10.993255	0	0	0	0	0	-1
-1.4611908	1.6279038	7.3451805	0	0	0	0	0	-1
-2.4516625	0.951245	11.277647	0	0	0	0	0	-1
-1.2748644	0.5393657	10.208722	0	0	0	0	0	-1
-1.4317709	0.34323275	9.335931	0	0	0	0	0	-1
-0.93163174	0.16671304	10.257755	0	0	0	0	0	-1
-1.4415776	0.44129923	11.003061	0	0	0	0	0	-1
-1.3533176	1.6475172	8.953471	0	0	0	0	0	-1
-0.8041453	1.1277647	10.679441	0	0	0	0	0	-1
-1.0002782	0.7354987	9.15941	-1	0	0	0	0	-1
-1.7750036	-0.1569064	9.7183895	0	0	0	0	0	-1
-1.1669914	-0.3138128	9.169217	0	0	0	0	0	-1
-1.1866046	-0.0196133	9.963556	0	0	0	0	0	-1
-0.3138128	1.3827376	8.678885	0	0	0	0	0	-1
-2.0495899	0.88259846	10.365629	0	0	0	0	0	-1
-0.6276256	0.2353596	8.404299	0	0	0	0	0	-1
-0.5491724	0.1569064	9.492837	0	0	0	0	0	-1
-0.0196133	-0.9022118	10.797121	0	0	0	0	0	-1
-0.4118793	0.4314926	6.8450418	0	0	0	0	0	-1
-1.2748644	-0.4314926	9.943943	0	0	0	0	0	-1
-0.93163174	0.098066494	11.542427	0	0	0	0	0	-1
-0.5099458	0.049033247	8.924051	0	0	0	0	0	-1
-0.5982056	0.088259846	9.698776	0	0	0	0	0	-1
-0.28439283	0.75511205	8.669079	0	0	0	0	0	-1
-1.6965504	-0.83356524	9.473224	0	0	0	0	0	-1
-0.42168593	-0.0196133	9.934136	0	0	0	0	0	-1
-0.60801226	0.4511059	9.875297	0	0	0	0	0	-1
-1.3337044	-0.1176798	11.454167	0	0	0	0	0	-1
-2.098623	-0.5491724	9.561483	0	0	0	0	0	-1
-1.2552512	-1.6180972	10.993255	0	0	0	0	0	-1
-0.0392266	-0.0196133	10.0910425	0	0	0	0	0	-1
-0.6472389	0.1372931	10.934415	0	0	0	0	0	-1
-1.3925443	0.35303938	9.492837	0	0	0	0	0	-1
0.17651969	0.6374322	8.835792	0	0	0	0	0	-1
-1.0296983	-0.6472389	9.384964	0	0	0	0	0	-1
-0.71588546	-0.78453195	10.463696	0	0	0	0	0	-1
-0.2353596	-0.4314926	9.149604	0	0	0	0	0	-1
-0.42168593	-0.19613299	9.45361	0	0	0	0	0	-1
-0.6374322	-0.39226598	9.92433	0	0	0	0	0	-1
-1.4023509	0.098066494	10.189109	0	0	0	0	0	-1
-0.5491724	-0.57859236	12.071986	0	0	0	0	0	-1
0.06864655	0.049033247	8.875018	0	0	0	0	0	-1
-0.70607877	0.5099458	9.394771	0	0	0	0	0	-1
-0.7747253	-0.8139519	10.561762	0	0	0	0	0	-1
0.1569064	0.10787315	9.18883	0	0	0	0	0	-1
0.06864655	0.28439283	10.022396	0	0	0	0	0	-1
-0.0196133	-0.5491724	9.54187	0	0	0	0	0	-1
0.0784532	0.2549729	11.29726	0	0	0	0	0	-1
-0.6472389	0.098066494	10.708861	0	0	0	0	0	-1
0.0588399	-1.1179581	12.238699	0	0	0	0	0	-1
-0.0196133	-0.30400613	10.483309	0	0	0	0	0	-1
-1.3337044	-0.1176798	11.140354	0	0	0	0	0	-1
-0.7354987	0.97085834	10.277369	0	0	0	0	0	-1
-0.2157463	0.4707192	8.786758	0	0	0	0	0	-1
-0.2549729	-0.92182505	11.101128	0	0	0	0	0	-1
-0.89240515	-0.3334261	10.434276	0	0	0	0	0	-1
-0.2941995	0.28439283	7.943386	0	0	0	0	0	-1
0.20593965	0.2157463	9.708583	0	0	0	0	0	-1
-0.7747253	-0.40207264	10.316595	0	0	0	0	0	-1
0.5491724	-0.17651969	7.72764	0	0	0	0	0	-1
-0.71588546	-0.3334261	12.121019	0	0	0	0	0	-1
-0.19613299	0.4511059	9.247671	0	0	0	0	0	-1
-0.14709975	-0.37265268	11.042288	0	0	0	0	0	-1
-0.17651969	-0.75511205	8.737725	0	0	0	0	0	-1
-0.92182505	0.8139519	11.454167	0	0	0	0	0	-1
-0.10787315	-0.2549729	8.669079	0	0	0	0	0	-1
-0.06864655	0.30400613	10.365629	0	0	0	0	0	-1
0.00980665	-0.5001391	9.375157	0	0	0	0	0	-1
-0.4707192	0.60801226	8.688692	0	0	0	0	0	-1
-0.088259846	0.34323275	7.305954	0	0	0	0	0	-1
-0.4314926	-0.6276256	9.57129	0	0	0	0	0	-1
-0.20593965	0.6374322	9.728196	0	0	0	0	0	-1
-0.5099458	-0.19613299	9.247671	0	0	0	0	0	-1
-1.176798	-0.5295591	10.610795	0	0	0	0	0	-1
-1.0787314	1.0493115	10.8657675	0	0	0	0	0	-1
-0.6374322	0.0588399	9.463417	0	0	0	0	0	-1
-1.0100849	0.74530536	10.444082	0	0	0	0	0	-1
-0.2745862	-0.5982056	10.463696	0	0	0	0	0	-1
-0.98066497	-0.2157463	10.0910425	0	0	0	0	0	-1
-0.4118793	-0.20593965	11.336487	0	0	0	0	0	-1
0.69627213	-0.588399	10.071429	0	0	0	0	0	-1
-0.7747253	0.60801226	11.032481	0	0	0	0	0	-1
-0.2941995	0.6864655	7.8257065	0	0	0	0	0	-1
0.20593965	0.16671304	9.787037	0	0	0	0	0	-1
-0.10787315	0.60801226	9.875297	0	0	0	0	0	-1
-0.97085834	-0.8041453	10.806928	0	0	0	0	0	-1
-0.55897903	-0.24516624	9.992976	0	0	0	0	0	-1
-0.98066497	0.0784532	10.973641	0	0	0	0	0	-1
0.24516624	0.5099458	9.433997	0	0	0	0	0	-1
-0.18632634	0.5982056	10.100849	0	0	0	0	0	-1
-0.3138128	0.36284605	9.002504	0	0	0	0	0	-1
0.39226598	-0.7747253	9.51245	0	0	0	0	0	-1
-0.1176798	0.2353596	9.15941	0	0	0	0	0	-1
0.1569064	0.0	10.1989155	0	0	0	0	0	-1
0.55897903	0.79433864	9.875297	0	0	0	0	0	-1
0.16671304	-0.6668522	8.982891	0	0	0	0	0	-1
-0.8041453	-0.42168593	11.76798	-1	0	0	0	0	-1
-0.70607877	-0.3138128	9.610517	0	0	0	0	0	-1
-0.19613299	-1.0296983	10.787314	0	0	0	0	0	-1
-0.588399	1.1277647	9.80665	0	0	0	0	0	-1
-0.26477954	-0.049033247	9.404577	0	0	0	0	0	-1
-0.6472389	0.5099458	8.825985	0	0	0	0	0	-1
0.10787315	0.6276256	8.933858	0	0	0	0	0	-1
-0.70607877	-0.57859236	8.875018	0	0	0	0	0	-1
-2.1672697	-0.6766588	10.689248	0	0	0	0	0	-1
-0.46091253	0.1372931	10.395049	0	0	0	0	0	-1
-0.6472389	0.5393657	9.306511	0	0	0	0	0	-1
-0.1372931	0.44129923	11.110934	0	0	0	0	0	-1
-0.14709975	0.92182505	10.561762	0	0	0	0	0	-1
0.00980665	-0.17651969	10.434276	0	0	0	0	0	-1
-1.372931	-0.16671304	10.404856	0	0	0	0	0	-1
-1.4317709	0.2157463	10.9442215	0	0	0	0	0	-1
-0.5001391	0.37265268	10.836348	0	0	0	0	0	-1
-0.39226598	0.84337187	9.54187	0	0	0	0	0	-1
-1.0198916	0.2157463	10.355823	0	0	0	0	0	-1
-0.28439283	0.26477954	10.8657675	0	0	0	0	0	-1
-0.6864655	-0.34323275	10.689248	0	0	0	0	0	-1
-0.588399	0.16671304	11.042288	0	0	0	0	0	-1
-0.7747253	-0.39226598	9.326124	0	0	0	0	0	-1
-0.4314926	-0.5001391	9.816457	0	0	0	0	0	-1
-0.69627213	0.4314926	9.855683	0	0	0	0	0	-1
-0.1372931	0.1176798	9.65955	0	0	0	0	0	-1
-0.0784532	-0.89240515	9.845877	0	0	0	0	0	-1
-1.4906107	0.19613299	10.022396	0	0	0	0	0	-1
0.1569064	-0.2549729	11.346293	0	0	0	0	0	-1
-0.00980665	-0.02941995	9.86549	0	0	0	0	0	-1
-1.176798	0.12748645	9.45361	0	0	0	0	0	-1
-0.3334261	0.2745862	9.502644	0	0	0	0	0	-1
0.1569064	0.02941995	10.277369	0	0	0	0	0	-1
-1.1179581	-0.9022118	9.92433	0	0	0	0	0	-1
-0.0784532	0.75511205	11.052094	0	0	0	0	0	-1
-0.0784532	-0.2549729	10.002783	0	0	0	0	0	-1
-0.44129923	-0.84337187	9.551677	0	0	0	0	0	-1
-0.83356524	-0.93163174	11.493394	0	0	0	0	0	-1
-0.78453195	-0.34323275	11.071708	0	0	0	0	0	-1
-0.30400613	-0.51975244	10.277369	0	0	0	0	0	-1
-0.18632634	0.39226598	10.522535	0	0	0	0	0	-1
-0.12748645	-0.0196133	9.80665	0	0	0	0	0	-1
-1.2062179	0.26477954	10.483309	0	0	0	0	0	-1
-0.35303938	-0.2157463	9.92433	0	0	0	0	0	-1
-0.49033248	-0.1569064	9.296704	0	0	0	0	0	-1
-0.9610517	-1.0885382	10.669635	0	0	0	0	0	-1
-0.51975244	-1.1571847	9.934136	0	0	0	0	0	-1
-1.1866046	-0.42168593	9.728196	0	0	0	0	0	-1
-0.5295591	-0.55897903	10.061623	0	0	0	0	0	-1
-0.2353596	-0.38245934	10.483309	0	0	0	0	0	-1
-1.0395049	-0.2941995	10.1989155	0	0	0	0	0	-1
0.10787315	-1.6867437	9.502644	0	0	0	0	0	-1
-0.9610517	0.2941995	11.336487	0	0	0	0	0	-1
-0.2745862	-0.83356524	11.473781	0	0	0	0	0	-1
0.2941995	-0.37265268	9.63013	0	0	0	0	0	-1
-0.71588546	-0.9120184	9.139797	0	0	0	0	0	-1
-0.18632634	-0.35303938	9.639936	0	0	0	0	0	-1
-0.40207264	-0.2157463	9.80665	0	0	0	0	0	-1
-1.147378	-1.2846711	9.326124	0	0	0	0	0	-1
-0.1569064	-1.2454445	10.414662	0	0	0	0	0	-1
-0.8727918	-0.78453195	11.052094	0	0	0	0	0	-1
0.36284605	0.6864655	10.238142	0	0	0	0	0	-1
-0.9610517	-0.38245934	8.894631	0	0	0	0	0	-1
-0.35303938	-1.1964113	11.552234	0	0	0	0	0	-1
-1.5886773	-0.56878567	9.992976	0	0	0	0	0	-1
0.049033247	0.4314926	9.885103	0	0	0	0	0	-1
-1.1375713	0.5393657	9.335931	0	0	0	0	0	-1
-1.735777	0.3138128	11.218807	0	0	0	0	0	-1
-0.2353596	-0.7747253	10.267562	0	0	0	0	0	-1
-1.0983448	-0.14709975	10.600988	0	0	0	0	0	-1
-0.83356524	-1.0395049	10.904995	0	0	0	0	0	-1
-0.1569064	-0.049033247	10.149882	0	0	0	0	0	-1
-0.30400613	0.00980665	8.620045	0	0	0	0	0	-1
0.16671304	-0.18632634	8.953471	0	0	0	0	0	-1
-0.12748645	-1.3925443	10.885382	0	0	0	0	0	-1
-1.0591182	-1.2552512	11.493394	0	0	0	0	0	-1
-0.22555295	-0.0588399	9.68897	0	0	0	0	0	-1
-0.34323275	-0.3334261	10.8657675	0	0	0	0	0	-1
-0.89240515	-0.4118793	9.60071	0	0	0	0	0	-1
-1.3925443	-0.37265268	10.502922	0	0	0	0	0	-1
-0.55897903	0.3334261	10.5715685	0	0	0	0	0	-1
-0.42168593	0.2353596	9.492837	0	0	0	0	0	-1
-1.2846711	-0.14709975	9.620323	0	0	0	0	0	-1
-0.3138128	0.1176798	10.238142	0	0	0	0	0	-1
-0.89240515	-0.57859236	9.816457	0	0	0	0	0	-1
-0.38245934	0.71588546	9.610517	0	0	0	0	0	-1
-0.588399	-1.0689248	10.591182	0	0	0	0	0	-1
-0.7649187	0.0392266	9.581097	0	0	0	0	0	-1
-0.84337187	-0.4707192	9.738003	0	0	0	0	0	-1
-0.98066497	0.1176798	8.767145	0	0	0	0	0	-1
-0.3334261	-0.8041453	11.895466	0	0	0	0	0	-1
-0.2745862	0.4314926	10.640215	0	0	0	0	0	-1
0.60801226	-0.48052585	9.100571	0	0	0	0	0	-1
-0.7747253	0.1569064	9.934136	0	0	0	0	0	-1
-1.5592573	0.37265268	11.26784	0	0	0	0	0	-1
-1.3140911	0.3138128	10.914802	0	0	0	0	0	-1
-0.61781895	-0.2353596	10.296982	0	0	0	0	0	-1
0.10787315	-0.1569064	8.796565	0	0	0	0	0	-1
-0.48052585	-0.6668522	9.86549	0	0	0	0	0	-1
-0.7354987	-0.1176798	11.218807	0	0	0	0	0	-1
-1.372931	-0.4511059	11.081514	0	0	0	0	0	-1
-1.2552512	0.16671304	9.92433	0	0	0	0	0	-1
-0.7256921	0.5295591	10.061623	0	0	0	0	0	-1
-0.1569064	-0.1176798	9.375157	0	0	0	0	0	-1
-0.71588546	-0.17651969	9.68897	0	0	0	0	0	-1
-0.00980665	0.2157463	8.433719	0	0	0	0	0	-1
-0.36284605	0.39226598	9.669356	0	0	0	0	0	-1
-0.6276256	0.10787315	11.6110735	0	0	0	0	0	-1
-0.84337187	-0.2745862	10.140076	0	0	0	0	0	-1
-1.2062179	-0.2745862	10.051816	0	0	0	0	0	-1
-0.44129923	0.0784532	7.9924197	0	0	0	0	0	-1
-0.9414384	0.92182505	9.443804	0	0	0	0	0	-1
-1.343511	-0.0784532	9.463417	0	0	0	0	0	-1
-0.32361946	-0.098066494	9.95375	0	0	0	0	0	-1
-1.0689248	-0.46091253	10.885382	0	0	0	0	0	-1
-1.7259704	-1.0002782	12.856518	0	0	0	0	0	-1
-0.9904716	-0.1176798	11.689527	0	0	0	0	0	-1
-1.8338435	-0.2745862	9.826263	0	0	0	0	0	-1
-1.6867437	-0.35303938	9.7183895	0	0	0	0	0	-1
-1.1375713	0.2157463	10.287175	0	0	0	0	0	-1
-0.6864655	-0.9120184	10.826541	0	0	0	0	0	-1
-0.44129923	0.2745862	8.237586	0	0	0	0	0	-1
-0.7354987	0.83356524	10.463696	0	0	0	0	0	-1
-2.0005565	0.74530536	11.571847	0	0	0	0	0	-1
-2.0201697	-0.1176798	10.277369	0	0	0	0	0	-1
-0.3138128	0.22555295	9.090764	0	0	0	0	0	-1
-1.0689248	-0.2157463	9.031924	0	0	0	0	0	-1
-0.98066497	-0.00980665	10.914802	0	0	0	0	0	-1
-0.06864655	0.39226598	9.2378645	0	0	0	0	0	-1
-0.39226598	-0.02941995	10.012589	0	0	0	0	0	-1
-1.0591182	0.0	12.071986	0	0	0	0	0	-1
-0.5295591	-0.9904716	10.120462	0	0	0	0	0	-1
-0.7747253	0.26477954	10.404856	0	0	0	0	0	-1
-0.34323275	-0.5001391	10.326403	0	0	0	0	0	-1
-0.16671304	-0.5982056	9.767424	0	0	0	0	0	-1
-0.88259846	0.20593965	10.895188	0	0	0	0	0	-1
-1.0002782	0.1569064	8.718112	0	0	0	0	0	-1
-0.5491724	-0.2941995	11.140354	0	0	0	0	0	-1
-1.3140911	-0.88259846	9.5320635	0	0	0	0	0	-1
-0.56878567	-0.2941995	9.610517	0	0	0	0	0	-1
-0.6668522	-0.26477954	9.747809	0	0	0	0	0	-1
-0.5393657	-0.55897903	9.522257	0	0	0	0	0	-1
-0.6668522	-0.6374322	11.26784	0	0	0	0	0	-1
-0.5491724	-0.5982056	8.551398	0	0	0	0	0	-1
-0.24516624	-0.60801226	10.081236	0	0	0	0	0	-1
0.0	-0.1176798	10.630408	0	0	0	0	0	-1
-0.3334261	-0.40207264	10.140076	0	0	0	0	0	-1
0.049033247	-0.5001391	10.630408	0	0	0	0	0	-1
-0.0392266	-0.51975244	9.885103	0	0	0	0	0	-1
0.20593965	-0.42168593	9.365351	0	0	0	0	0	-1
0.088259846	-0.5393657	10.346016	0	0	0	0	0	-1
0.2549729	-0.32361946	9.669356	0	0	0	0	0	-1
-0.83356524	-0.7354987	10.542149	0	0	0	0	0	-1
0.17651969	-0.24516624	9.492837	0	0	0	0	0	-1
-0.2745862	-0.4118793	11.836626	0	0	0	0	0	-1
0.39226598	-0.4511059	9.98317	0	0	0	0	0	-1
0.22555295	-0.00980665	10.061623	0	0	0	0	0	-1
0.35303938	0.88259846	9.463417	0	0	0	0	0	-1
-0.4118793	0.7354987	10.689248	0	0	0	0	0	-1
-0.40207264	1.0198916	10.816734	0	0	0	0	0	-1
0.37265268	-0.14709975	9.149604	0	0	0	0	0	-1
0.17651969	0.1176798	9.708583	0	0	0	0	0	-1
0.10787315	0.0	10.022396	0	0	0	0	0	-1
-0.049033247	-0.70607877	10.522535	0	0	0	0	0	-1
0.4511059	0.2157463	10.748088	0	0	0	0	0	-1
0.6766588	-0.9022118	9.610517	0	0	0	0	0	-1
0.4314926	-0.7649187	9.502644	0	0	0	0	0	-1
0.19613299	-0.44129923	9.296704	0	0	0	0	0	-1
0.4511059	-1.1866046	10.512729	0	0	0	0	0	-1
0.22555295	-0.9120184	10.787314	0	0	0	0	0	-1
0.17651969	-0.35303938	10.502922	0	0	0	0	0	-1
-0.6864655	-0.65704554	9.973363	0	0	0	0	0	-1
-0.20593965	-0.78453195	9.65955	0	0	0	0	0	-1
-0.2549729	-0.46091253	9.022118	0	0	0	0	0	-1
-0.20593965	-0.36284605	11.071708	0	0	0	0	0	-1
-0.02941995	-0.8237586	10.051816	0	0	0	0	0	-1
-0.26477954	-0.79433864	10.444082	0	0	0	0	0	-1
0.20593965	-0.5393657	11.179581	0	0	0	0	0	-1
0.22555295	-0.1569064	9.4241905	0	0	0	0	0	-1
-0.78453195	0.098066494	9.384964	0	0	0	0	0	-1
-0.10787315	-0.0196133	9.963556	0	0	0	0	0	-1
-1.2454445	-0.4707192	9.747809	-1	0	0	0	0	-1
-1.0591182	-1.6769371	9.139797	0	0	0	0	0	-1
2.0790098	-0.75511205	9.767424	0	0	0	0	0	-1
0.35303938	1.9122967	12.954584	0	0	0	0	0	-1
0.4314926	-0.30400613	10.934415	0	0	0	0	0	-1
-0.588399	-3.0989013	8.933858	-1	0	0	0	0	-1
-0.7649187	-2.0397832	8.825985	0	0	0	0	0	-1
0.1176798	0.4707192	10.326403	0	0	0	0	0	-1
-0.0784532	0.4707192	9.267284	0	0	0	0	0	-1
0.0588399	-0.0784532	11.29726	-1	0	0	0	0	-1
0.2549729	-0.8041453	11.003061	0	0	0	0	0	-1
-0.049033247	-0.55897903	10.140076	-1	0	0	0	0	-1
0.06864655	-0.5001391	9.845877	0	0	0	0	0	-1
0.2549729	-0.26477954	9.80665	-1	0	0	0	0	-1
-0.32361946	-0.28439283	10.336209	0	0	0	0	0	-1
-0.2549729	-0.10787315	10.326403	-1	0	0	0	0	-1
0.14709975	-1.1964113	10.8657675	0	0	0	0	0	-1
0.06864655	-1.3925443	10.169496	-1	0	0	0	0	-1
1.2062179	0.588399	9.54187	0	0	0	0	0	-1
1.3042845	2.0593965	10.669635	0	0	0	0	0	-1
1.343511	1.4709975	9.855683	0	0	0	0	0	-1
0.5393657	-1.7259704	9.787037	0	0	0	0	0	-1
0.42168593	-2.353596	10.600988	0	0	0	0	0	-1
0.8531785	-0.18632634	10.561762	0	0	0	0	0	-1
0.78453195	0.12748645	9.384964	0	0	0	0	0	-1
0.69627213	-0.098066494	10.1989155	0	0	0	0	0	-1
0.7747253	-0.19613299	10.561762	0	0	0	0	0	-1
-0.7354987	-0.69627213	9.92433	0	0	0	0	0	-1
-1.4121575	-0.7256921	10.100849	0	0	0	0	0	-1
-0.9120184	-0.44129923	9.581097	0	0	0	0	0	-1
-0.9022118	-0.2941995	10.110656	0	0	0	0	0	-1
-0.6766588	-0.36284605	10.071429	0	0	0	0	0	-1
-0.35303938	-0.22555295	9.708583	0	0	0	0	0	-1
-0.84337187	-0.2353596	10.208722	0	0	0	0	0	-1
-0.8629852	-0.3334261	10.247949	0	0	0	0	0	-1
-0.6276256	-0.4118793	9.875297	0	0	0	0	0	-1
-0.83356524	-0.30400613	10.306788	0	0	0	0	0	-1
-0.71588546	-0.34323275	9.943943	0	0	0	0	0	-1
-0.8629852	-0.30400613	9.679163	0	0	0	0	0	-1
-0.6864655	-0.34323275	10.179302	0	0	0	0	0	-1
-0.5982056	-0.28439283	9.77723	0	0	0	0	0	-1
-0.7747253	-0.44129923	9.845877	0	0	0	0	0	-1
-0.56878567	-0.61781895	10.238142	0	0	0	0	0	-1
-0.6472389	-0.3334261	10.042009	0	0	0	0	0	-1
-0.83356524	-0.4118793	10.1989155	0	0	0	0	0	-1
-0.8629852	-0.22555295	10.375436	0	0	0	0	0	-1
-0.6668522	-0.26477954	9.551677	0	0	0	0	0	-1
-0.6864655	-0.34323275	9.620323	0	0	0	0	0	-1
-0.78453195	-0.35303938	10.316595	0	0	0	0	0	-1
-0.74530536	-0.3334261	9.747809	0	0	0	0	0	-1
-0.71588546	-0.3138128	9.826263	0	0	0	0	0	-1
-0.6766588	-0.42168593	10.277369	0	0	0	0	0	-1
-0.6276256	-0.38245934	10.081236	0	0	0	0	0	-1
-0.7256921	-0.34323275	10.208722	0	0	0	0	0	-1
-0.83356524	-0.16671304	10.247949	0	0	0	0	0	-1
-0.56878567	-0.22555295	9.620323	0	0	0	0	0	-1
-0.588399	-0.38245934	9.610517	0	0	0	0	0	-1
-1.2062179	-0.2353596	10.051816	0	0	0	0	0	-1
-1.6082906	-0.26477954	9.845877	0	0	0	0	0	-1
-1.2650578	-0.17651969	9.845877	0	0	0	0	0	-1
-1.1277647	-0.38245934	10.0910425	0	0	0	0	0	-1
-1.0885382	-0.38245934	9.963556	0	0	0	0	0	-1
-1.3337044	-0.22555295	9.963556	0	0	0	0	0	-1
-1.2454445	-0.1372931	9.973363	0	0	0	0	0	-1
-1.3238977	-0.32361946	10.071429	0	0	0	0	0	-1
-1.7161638	-0.2745862	9.95375	0	0	0	0	0	-1
-1.3238977	-0.0784532	9.65955	0	0	0	0	0	-1
-2.7654753	-0.1372931	9.973363	0	0	0	0	0	-1
-3.2263877	-0.3334261	9.92433	0	0	0	0	0	-1
-2.9027684	0.3138128	10.473502	0	0	0	0	0	-1
-3.697107	0.46091253	8.835792	0	0	0	0	0	-1
-2.883155	0.16671304	9.65955	0	0	0	0	0	-1
-3.0204482	-0.4314926	9.443804	0	0	0	0	0	-1
-2.824315	-0.75511205	10.296982	0	0	0	0	0	-1
-2.7066352	-0.40207264	9.5320635	0	0	0	0	0	-1
-2.010363	-0.24516624	10.267562	0	0	0	0	0	-1
-1.9417167	0.4314926	9.4241905	0	0	0	0	0	-1
-2.8047018	-0.0784532	9.80665	0	0	0	0	0	-1
-2.7360554	-0.36284605	10.179302	0	0	0	0	0	-1
-2.608569	-0.5295591	10.954028	0	0	0	0	0	-1
-2.8733485	-0.5295591	9.7183895	0	0	0	0	0	-1
-3.4911673	-0.3334261	10.022396	0	0	0	0	0	-1
-0.6374322	1.8142302	10.0910425	0	0	0	0	0	-1
-1.3533176	1.4513842	8.835792	0	0	0	0	0	-1
-2.490889	-0.84337187	10.287175	0	0	0	0	0	-1
-2.2261095	-1.4121575	8.708305	0	0	0	0	0	-1
-1.0787314	0.588399	8.541592	0	0	0	0	0	-1
-1.9221034	1.147378	8.1983595	0	0	0	0	0	-1
-2.6183755	0.2549729	10.473502	0	0	0	0	0	-1
-1.5886773	0.71588546	10.287175	0	0	0	0	0	-1
-1.0983448	1.1964113	11.444361	0	0	0	0	0	-1
-1.8730701	0.0	10.9442215	0	0	0	0	0	-1
-1.6573238	-0.75511205	10.1989155	0	0	0	0	0	-1
-1.1081514	0.4707192	9.414384	0	0	0	0	0	-1
-1.4121575	0.36284605	8.806372	0	0	0	0	0	-1
-1.1964113	0.1569064	9.92433	0	0	0	0	0	-1
-2.1084297	0.1569064	9.708583	0	0	0	0	0	-1
-1.8338435	0.30400613	9.86549	0	0	0	0	0	-1
-0.6766588	-0.4511059	8.129713	0	0	0	0	0	-1
-1.5886773	-0.0588399	10.875574	0	0	0	0	0	-1
-2.0593965	-0.20593965	11.699333	-1	0	0	0	0	-1
-1.4611908	0.0588399	10.708861	0	0	0	0	0	-1
-0.6864655	-0.0196133	10.149882	0	0	0	0	0	-1
-2.6477954	-0.71588546	11.503201	0	0	0	0	0	-1
-2.186883	-0.70607877	10.7578945	-1	0	0	0	0	-1
-2.2751427	0.22555295	10.875574	0	0	0	0	0	-1
-2.853735	-0.92182505	9.218251	0	0	0	0	0	-1
-1.372931	-0.2353596	11.26784	0	0	0	0	0	-1
-0.98066497	-0.38245934	8.8652115	0	0	0	0	0	-1
-2.9223816	0.74530536	8.992698	0	0	0	0	0	-1
-0.5001391	-0.42168593	8.796565	0	0	0	0	0	-1
-0.93163174	-0.588399	9.54187	0	0	0	0	0	-1
-1.0395049	0.12748645	7.72764	0	0	0	0	0	-1
-2.3437893	0.10787315	9.934136	-1	0	0	0	0	-1
-0.6864655	0.7256921	10.954028	0	0	0	0	0	-1
-1.0787314	-0.1176798	8.482752	0	0	0	0	0	-1
-1.0395049	-2.2457228	11.503201	-1	0	0	0	0	-1
-1.0885382	-0.70607877	11.258034	0	0	0	0	0	-1
-1.3827376	-0.2549729	9.326124	-1	0	0	0	0	-1
-0.088259846	0.6668522	9.326124	0	0	0	0	0	-1
-0.8629852	0.0392266	10.296982	-1	0	0	0	0	-1
-1.2552512	-0.16671304	11.59146	0	0	0	0	0	-1
0.6766588	-1.0002782	7.6197667	0	0	0	0	0	-1
0.46091253	-0.19613299	10.483309	0	0	0	0	0	-1
-0.51975244	0.2941995	10.718668	0	0	0	0	0	-1
-0.8237586	0.06864655	10.100849	0	0	0	0	0	-1
-1.0591182	0.02941995	10.257755	0	0	0	0	0	-1
-0.93163174	-0.7649187	9.963556	0	0	0	0	0	-1
-1.4023509	0.44129923	9.45361	0	0	0	0	0	-1
0.18632634	0.10787315	9.86549	0	0	0	0	0	-1
-1.5102241	-0.65704554	10.179302	0	0	0	0	0	-1
0.16671304	0.5099458	10.483309	0	0	0	0	0	-1
-1.9711366	-0.4118793	9.679163	0	0	0	0	0	-1
-1.0296983	-0.30400613	9.590903	0	0	0	0	0	-1
-1.3533176	-1.147378	10.189109	0	0	0	0	0	-1
-1.2846711	0.49033248	10.385242	0	0	0	0	0	-1
-0.34323275	0.5393657	8.600431	0	0	0	0	0	-1
-1.6279038	-0.0784532	10.149882	0	0	0	0	0	-1
-0.8531785	-0.4511059	10.463696	0	0	0	0	0	-1
-0.83356524	0.35303938	8.1983595	0	0	0	0	0	-1
-0.60801226	-0.39226598	9.845877	0	0	0	0	0	-1
-0.37265268	0.0196133	9.95375	0	0	0	0	0	-1
-0.40207264	0.97085834	10.355823	0	0	0	0	0	-1
-0.6668522	-0.39226598	10.316595	0	0	0	0	0	-1
-0.951245	-0.6864655	9.83607	0	0	0	0	0	-1
-0.84337187	0.24516624	8.816178	0	0	0	0	0	-1
-1.5298374	-0.1176798	10.375436	0	0	0	0	0	-1
-0.60801226	-0.02941995	9.179024	0	0	0	0	0	-1
-0.38245934	0.6864655	10.610795	0	0	0	0	0	-1
-0.44129923	-0.0784532	9.208445	0	0	0	0	0	-1
-0.6668522	0.2549729	9.875297	0	0	0	0	0	-1
-1.1375713	-0.2549729	9.18883	0	0	0	0	0	-1
-0.2157463	0.1569064	9.796844	0	0	0	0	0	-1
-0.84337187	-0.7256921	11.29726	0	0	0	0	0	-1
-0.5295591	-0.61781895	11.003061	0	0	0	0	0	-1
-0.14709975	-0.088259846	11.277647	0	0	0	0	0	-1
-1.0689248	-0.0196133	11.875853	0	0	0	0	0	-1
-0.3138128	-0.19613299	8.561205	0	0	0	0	0	-1
-0.12748645	-0.22555295	9.296704	0	0	0	0	0	-1
-0.36284605	0.39226598	10.483309	0	0	0	0	0	-1
0.049033247	-0.49033248	10.012589	-1	0	0	0	0	-1
-0.32361946	-0.7747253	10.002783	0	0	0	0	0	-1
-0.4511059	-0.20593965	10.846154	0	0	0	0	0	-1
0.049033247	-0.5001391	8.845598	0	0	0	0	0	-1
0.34323275	-0.88259846	10.032203	0	0	0	0	0	-1
-0.75511205	0.48052585	10.522535	0	0	0	0	0	-1
-0.2941995	0.7354987	10.081236	0	0	0	0	0	-1
-1.0002782	0.39226598	11.248227	0	0	0	0	0	-1
-1.0198916	0.4511059	10.395049	0	0	0	0	0	-1
-0.35303938	0.2549729	8.551398	0	0	0	0	0	-1
-0.8041453	0.39226598	10.002783	0	0	0	0	0	-1
-0.2549729	-0.5001391	10.395049	0	0	0	0	0	-1
0.79433864	0.37265268	8.767145	0	0	0	0	0	-1
-0.20593965	-1.0296983	8.845598	0	0	0	0	0	-1
1.4415776	-1.1669914	8.629851	0	0	0	0	0	-1
-0.71588546	-1.4219642	12.307345	0	0	0	0	0	-1
0.6766588	0.56878567	8.678885	0	0	0	0	0	-1
0.18632634	-0.4314926	10.934415	0	0	0	0	0	-1
0.22555295	-0.02941995	10.336209	0	0	0	0	0	-1
0.36284605	-1.3238977	11.76798	0	0	0	0	0	-1
-0.38245934	-0.97085834	10.169496	0	0	0	0	0	-1
-0.6276256	-1.1179581	8.1101	0	0	0	0	0	-1
-1.1179581	-1.1179581	8.708305	0	0	0	0	0	-1
-0.24516624	-1.8436501	8.963278	0	0	0	0	0	-1
0.38245934	-1.5984839	9.267284	0	0	0	0	0	-1
-0.5491724	-1.5298374	10.895188	0	0	0	0	0	-1
0.49033248	-1.7553903	10.0910425	0	0	0	0	0	-1
-0.1372931	-1.6573238	9.316318	0	0	0	0	0	-1
-0.049033247	-2.1770763	8.620045	0	0	0	0	0	-1
-0.098066494	-2.824315	10.316595	0	0	0	0	0	-1
-0.71588546	-3.3440676	10.640215	0	0	0	0	0	-1
-0.88259846	-2.991028	10.561762	0	0	0	0	0	-1
0.4314926	-1.5886773	9.80665	0	0	0	0	0	-1
0.049033247	-1.2650578	10.8657675	0	0	0	0	0	-1
-0.42168593	-1.4709975	9.296704	0	0	0	0	0	-1
-0.46091253	-2.4516625	9.92433	0	0	0	0	0	-1
-0.5393657	-1.4513842	9.943943	0	0	0	0	0	-1
0.2353596	-2.5987623	10.600988	0	0	0	0	0	-1
0.1176798	-2.2457228	11.209001	0	0	0	0	0	-1
-0.26477954	-3.471554	10.836348	0	0	0	0	0	-1
0.4707192	-3.2852278	11.62088	0	0	0	0	0	-1
0.56878567	-1.9515233	9.679163	0	0	0	0	0	-1
0.56878567	-1.2356379	9.365351	0	0	0	0	0	-1
0.0784532	-0.3334261	10.591182	0	0	0	0	0	-1
0.00980665	-0.9610517	10.130269	0	0	0	0	0	-1
0.49033248	-3.0989013	11.336487	0	0	0	0	0	-1
0.32361946	-1.5886773	10.189109	0	0	0	0	0	-1
0.0588399	-0.4511059	9.561483	0	0	0	0	0	-1
-0.0392266	-1.1866046	10.110656	0	0	0	0	0	-1
0.6374322	-1.90249	10.473502	0	0	0	0	0	-1
-0.2549729	-0.74530536	11.091321	0	0	0	0	0	-1
-0.78453195	-0.75511205	10.885382	0	0	0	0	0	-1
0.1176798	-0.78453195	12.905551	0	0	0	0	0	-1
-0.20593965	-1.5004175	10.7578945	0	0	0	0	0	-1
-0.38245934	-1.9711366	10.395049	0	0	0	0	0	-1
-0.6472389	-1.0493115	9.845877	0	0	0	0	0	-1
-0.51975244	-0.00980665	9.18883	0	0	0	0	0	-1
-0.8237586	1.5004175	9.031924	0	0	0	0	0	-1
-0.9414384	0.42168593	9.090764	0	0	0	0	0	-1
-1.2846711	-1.6573238	10.640215	0	0	0	0	0	-1
-1.4611908	-1.2944778	10.9442215	0	0	0	0	0	-1
-1.0002782	-0.06864655	9.787037	0	0	0	0	0	-1
-2.1378496	1.9221034	9.787037	0	0	0	0	0	-1
-0.3138128	-0.3334261	9.502644	0	0	0	0	0	-1
-0.70607877	-0.4118793	9.0515375	0	0	0	0	0	-1
-1.5788707	-1.4709975	10.277369	0	0	-1	0	0	-1
-1.3238977	-1.0198916	9.816457	0	0	0	0	0	-1
-2.010363	-1.3827376	9.492837	0	0	0	0	0	-1
-1.8632635	0.55897903	8.639658	0	0	0	0	0	-1
-1.5984839	1.1669914	9.404577	0	0	0	0	0	-1
-2.0005565	-0.5099458	11.022675	0	0	0	0	0	-1
-1.8632635	-1.6573238	10.983448	0	0	0	0	0	-1
-1.8534569	-0.97085834	9.708583	0	0	0	0	0	-1
-1.735777	-0.588399	10.679441	0	0	0	0	0	-1
-1.8044236	-0.42168593	9.5320635	0	0	-1	0	0	-1
-1.4611908	0.0784532	10.483309	0	0	0	0	0	-1
-0.7747253	0.12748645	12.454445	0	0	0	0	0	-1
-0.5295591	-1.8828768	13.395884	0	0	0	0	0	-1
-1.7750036	-2.5105023	11.395327	0	0	0	0	0	-1
-2.7164419	-1.1375713	9.061344	0	0	0	0	0	-1
-3.0106416	0.35303938	6.7862015	0	0	0	0	0	-1
-4.1384063	0.2745862	7.953193	0	0	0	0	0	-1
-4.1580195	0.28439283	8.463139	0	0	0	0	0	-1
-2.2555294	-0.79433864	11.307067	0	0	0	0	0	-1
-2.098623	-0.98066497	12.532898	0	0	0	0	0	-1
-2.5693421	0.088259846	9.5320635	0	0	0	0	0	-1
-2.775282	-0.4314926	10.110656	0	0	0	0	0	-1
-2.3045628	-0.10787315	8.414105	0	0	0	0	0	-1
-2.0692031	-0.02941995	9.002504	0	0	-1	0	0	-1
-1.3042845	-0.14709975	8.669079	0	0	0	0	0	-1
-2.010363	-0.32361946	9.963556	0	0	0	0	0	-1
-1.90249	-0.70607877	10.179302	0	0	0	0	0	-1
-2.6674087	-0.38245934	9.757616	0	0	0	0	0	-1
-2.4516625	-0.1372931	10.855961	0	0	0	0	0	-1
-1.4415776	0.1176798	9.463417	0	0	0	0	0	-1
-1.7161638	-0.17651969	9.080957	0	0	0	0	0	-1
-1.4219642	-0.56878567	10.081236	0	0	0	0	0	-1
-1.7946169	0.16671304	8.737725	0	0	0	0	0	-1
-2.2261095	-0.1569064	9.561483	0	0	0	0	0	-1
-2.186883	-0.42168593	9.747809	0	0	0	0	0	-1
-1.90249	-0.7256921	10.326403	0	0	0	0	0	-1
-1.706357	-0.4314926	10.169496	0	0	0	0	0	-1
-1.6279038	-0.088259846	10.228335	0	0	0	0	0	-1
-1.8828768	-0.1176798	8.973084	0	0	0	0	0	-1
-1.8240368	-0.44129923	9.45361	0	0	0	0	0	-1
-1.7946169	0.098066494	10.0910425	0	0	0	0	0	-1
-2.098623	-0.44129923	9.139797	0	0	0	0	0	-1
-1.8436501	-0.22555295	9.963556	0	0	0	0	0	-1
-1.9515233	-0.56878567	9.296704	0	0	0	0	0	-1
-1.7750036	-0.5393657	10.179302	0	0	0	0	0	-1
-1.6082906	-0.38245934	10.110656	0	0	0	0	0	-1
-1.6671305	-0.35303938	9.92433	0	0	0	0	0	-1
-1.7455837	-0.5099458	10.483309	0	0	0	0	0	-1
-1.2650578	-0.1176798	9.738003	0	0	0	0	0	-1
-1.5004175	-0.30400613	9.796844	0	0	0	0	0	-1
-1.6475172	-0.28439283	9.384964	0	0	0	0	0	-1
-1.4709975	-0.3138128	9.7183895	0	0	0	0	0	-1
-1.4906107	-0.26477954	10.277369	0	0	0	0	0	-1
-1.5886773	-0.4118793	9.943943	0	0	0	0	0	-1
-1.3337044	-0.088259846	9.610517	0	0	0	0	0	-1
-1.0100849	-0.55897903	9.855683	0	0	0	0	0	-1
-1.5592573	-0.5491724	10.100849	0	0	0	0	0	-1
-0.9610517	-0.2353596	9.92433	0	0	0	0	0	-1
-0.98066497	-0.46091253	9.92433	0	0	0	0	0	-1
-1.4121575	-0.32361946	10.002783	0	0	0	0	0	-1
-0.93163174	-0.5099458	10.0910425	0	0	0	0	0	-1
-1.3631244	-0.83356524	10.218529	0	0	0	0	0	-1
-0.588399	-0.24516624	9.943943	0	0	0	0	0	-1
-0.8531785	-0.5001391	10.306788	0	0	0	0	0	-1
-0.8139519	-0.38245934	10.002783	0	0	0	0	0	-1
-0.9610517	-0.60801226	9.767424	0	0	0	0	0	-1
-0.61781895	-0.5099458	10.306788	0	0	0	0	0	-1
-0.588399	-0.049033247	9.522257	0	0	0	0	0	-1
-0.588399	-0.0588399	10.395049	0	0	0	0	0	-1
-0.60801226	-0.1176798	10.375436	0	0	0	0	0	-1
-0.78453195	-0.0588399	9.57129	0	0	0	0	0	-1
-0.0784532	-0.30400613	9.992976	0	0	0	0	0	-1
-0.20593965	-0.2549729	9.95375	0	0	0	0	0	-1
-0.30400613	-0.1569064	9.963556	0	0	0	0	0	-1
-0.06864655	-0.2353596	10.296982	0	0	0	0	0	-1
0.0784532	-0.6864655	10.081236	0	0	0	0	0	-1
0.00980665	-0.098066494	10.218529	0	0	0	0	0	-1
0.1176798	-0.2157463	10.277369	0	0	0	0	0	-1
0.14709975	-0.1569064	10.002783	0	0	0	0	0	-1
-0.0196133	-0.48052585	10.0910425	0	0	0	0	0	-1
-0.2353596	-0.83356524	10.247949	0	0	0	0	0	-1
-0.1372931	-1.2160245	10.267562	0	0	0	0	0	-1
-0.1176798	-1.8632635	10.051816	0	0	0	0	0	-1
0.17651969	-1.7848103	9.738003	0	0	0	0	0	-1
0.20593965	-2.128043	10.561762	0	0	0	0	0	-1
-0.19613299	-1.8632635	10.414662	0	0	0	0	0	-1
-0.34323275	-2.098623	10.346016	0	0	0	0	0	-1
-0.3138128	-2.1770763	10.728475	0	0	0	0	0	-1
0.0784532	-1.8044236	9.80665	0	0	0	0	0	-1
0.42168593	-1.7651969	10.100849	0	0	0	0	0	-1
0.4511059	-1.7553903	9.63013	0	0	0	0	0	-1
0.37265268	-1.5690639	10.581375	0	0	0	0	0	-1
0.38245934	-1.0002782	9.92433	0	0	0	0	0	-1
-0.17651969	-0.9022118	9.92433	0	0	0	0	0	-1
-1.0983448	-1.5200307	9.581097	0	0	0	0	0	-1
-0.7256921	-1.8926834	10.022396	0	0	0	0	0	-1
-0.4118793	-1.9221034	9.92433	0	0	0	0	0	-1
-0.57859236	-1.7946169	10.1989155	0	0	0	0	0	-1
-0.2549729	-1.9122967	9.92433	0	0	0	0	0	-1
-0.24516624	-1.7259704	10.267562	0	0	0	0	0	-1
-0.3138128	-1.9711366	9.973363	0	0	0	0	0	-1
-0.6374322	-1.9613299	10.022396	0	0	0	0	0	-1
-0.2353596	-2.2163029	10.002783	0	0	0	0	0	-1
0.0	-2.128043	9.943943	0	0	0	0	0	-1
0.2157463	-1.6671305	10.159689	0	0	0	0	0	-1
0.17651969	-1.706357	9.855683	0	0	0	0	0	-1
-0.06864655	-1.539644	9.83607	0	0	0	0	0	-1
-0.10787315	-1.4317709	10.032203	0	0	0	0	0	-1
-0.06864655	-0.9904716	9.698776	0	0	0	0	0	-1
0.0	-1.1081514	9.80665	0	0	0	0	0	-1
-0.1176798	-1.0885382	10.042009	0	0	0	0	0	-1
-0.4314926	-1.4709975	10.032203	0	0	0	0	0	-1
-0.06864655	-1.2258313	10.208722	0	0	0	0	0	-1
-0.0784532	-1.176798	9.934136	0	0	0	0	0	-1
-0.2353596	-1.2160245	9.68897	0	0	0	0	0	-1
-0.0784532	-1.2258313	9.738003	0	0	0	0	0	-1
-0.16671304	-0.9610517	9.92433	0	0	0	0	0	-1
-0.44129923	-0.6276256	9.708583	0	0	0	0	0	-1
-0.4314926	-0.6276256	9.973363	0	0	0	0	0	-1
-0.40207264	-0.6668522	10.551955	0	0	0	0	0	-1
-0.4511059	-0.7747253	10.247949	0	0	0	0	0	-1
-0.38245934	-0.65704554	10.238142	0	0	0	0	0	-1
-0.6276256	-0.5393657	10.238142	0	0	0	0	0	-1
-0.51975244	-0.4707192	10.140076	0	0	0	0	0	-1
-0.4511059	-0.32361946	10.208722	0	0	0	0	0	-1
-0.44129923	-0.38245934	10.630408	0	0	0	0	0	-1
-0.1569064	-0.00980665	9.845877	0	0	0	0	0	-1
0.098066494	0.2353596	9.4241905	0	0	0	0	0	-1
0.38245934	0.16671304	10.385242	0	0	0	0	0	-1
0.61781895	0.3334261	10.238142	0	0	0	0	0	-1
0.97085834	0.46091253	10.247949	0	0	0	0	0	-1
0.9414384	0.6668522	10.404856	0	0	0	0	0	-1
0.8727918	0.9120184	10.502922	0	0	0	0	0	-1
