% Generated on 04/05/2014 @ 19:31:36
% By Dhawal Srivastava - PotHole - Smooth Road - CurbHit - PhoneDrop - SpeedBump - Speed
-0.00980665	0.3334261	9.68897	0	0	0	0	0	-1
0.74530536	0.69627213	9.502644	0	0	0	0	0	-1
0.74530536	0.39226598	10.081236	0	0	0	0	0	-1
0.5491724	0.2157463	9.826263	0	0	0	0	0	-1
0.2941995	-0.088259846	10.287175	0	0	0	0	0	-1
0.75511205	0.10787315	9.77723	0	0	0	0	0	-1
1.0493115	0.19613299	9.031924	0	0	0	0	0	-1
0.8041453	0.06864655	10.434276	0	0	0	0	0	-1
1.0198916	0.2353596	9.855683	0	0	0	0	0	-1
0.8237586	0.1569064	9.7183895	0	0	0	0	0	-1
0.88259846	0.3334261	9.4241905	0	0	0	0	0	-1
0.79433864	-0.2745862	9.5320635	0	0	0	0	0	-1
1.147378	-0.1176798	10.179302	0	0	0	0	0	-1
0.8629852	0.1569064	9.502644	0	0	0	0	0	-1
0.9120184	0.2549729	9.816457	0	0	0	0	0	-1
0.92182505	-0.10787315	9.590903	0	0	0	0	0	-1
1.1964113	-0.1176798	10.444082	0	0	0	0	0	-1
1.3238977	-0.3138128	10.287175	0	0	0	0	0	-1
1.3533176	-0.14709975	9.649743	0	0	0	0	0	-1
1.1866046	-0.0588399	9.002504	0	0	0	0	0	-1
1.2552512	-0.71588546	9.934136	0	0	0	0	0	-1
1.0395049	-0.18632634	9.277091	0	0	0	0	0	-1
1.5102241	-0.1176798	10.463696	0	0	0	0	0	-1
2.4810824	-0.2353596	12.552511	0	0	0	0	0	-1
2.657602	-0.06864655	12.317152	0	0	0	0	0	-1
2.265336	-0.2353596	10.836348	0	0	0	0	0	-1
1.8730701	-0.088259846	8.933858	0	0	0	0	0	-1
1.4023509	-0.2549729	8.551398	0	0	0	0	0	-1
0.9414384	-0.39226598	9.45361	0	0	0	0	0	-1
0.37265268	-0.2941995	10.777508	0	0	0	0	0	-1
0.49033248	-0.1569064	10.728475	0	0	0	0	0	-1
-0.2353596	0.0	10.404856	0	0	0	0	0	-1
-0.0196133	-0.16671304	9.83607	0	0	0	0	0	-1
0.0784532	0.00980665	10.326403	0	0	0	0	0	-1
0.00980665	0.0588399	10.081236	0	0	0	0	0	-1
-0.56878567	0.30400613	9.65955	0	0	0	0	0	-1
-0.93163174	0.098066494	8.924051	0	0	0	0	0	-1
-1.0885382	-0.098066494	9.120184	0	0	0	0	0	-1
-1.176798	0.2549729	9.326124	0	0	0	0	-1	-1
-0.9414384	0.3334261	9.973363	0	0	0	0	0	-1
-0.951245	0.1569064	10.159689	0	0	0	0	0	-1
-0.5099458	-0.06864655	10.659828	0	0	0	0	0	-1
0.06864655	-0.14709975	10.600988	0	0	0	0	0	-1
0.32361946	-0.0784532	10.395049	0	0	0	0	0	-1
0.60801226	0.0196133	9.57129	0	0	0	0	-1	-1
0.57859236	0.088259846	9.992976	0	0	0	0	0	-1
0.48052585	-0.22555295	10.071429	0	0	0	0	0	-1
0.3138128	-0.30400613	10.561762	0	0	0	0	0	-1
0.48052585	-0.1372931	10.179302	0	0	0	0	0	-1
0.4511059	-0.1569064	9.855683	0	0	0	0	0	-1
0.35303938	0.16671304	10.346016	0	0	0	0	0	-1
0.30400613	0.2353596	10.404856	0	0	0	0	0	-1
0.3334261	-0.0784532	9.80665	0	0	0	0	0	-1
0.39226598	-0.098066494	9.728196	0	0	0	0	0	-1
0.2941995	0.0	10.189109	0	0	0	0	0	-1
0.4314926	0.0588399	9.77723	0	0	0	0	0	-1
0.48052585	0.0392266	10.404856	0	0	0	0	0	-1
-0.16671304	0.0	10.208722	0	0	0	0	0	-1
-0.2353596	-0.088259846	9.992976	0	0	0	0	0	-1
-0.51975244	0.19613299	9.83607	0	0	0	0	0	-1
-0.951245	0.12748645	10.022396	0	0	0	0	0	-1
-0.7649187	-0.0392266	9.992976	0	0	0	0	0	-1
-0.7354987	-0.02941995	9.757616	0	0	0	0	0	-1
-0.98066497	0.098066494	9.963556	0	0	0	0	0	-1
-0.92182505	0.30400613	10.042009	0	0	0	0	0	-1
-0.8237586	0.17651969	9.5320635	0	0	0	0	0	-1
-1.0395049	0.0784532	9.698776	0	0	0	0	0	-1
-0.98066497	0.088259846	9.934136	0	0	0	0	0	-1
-1.0296983	0.0392266	9.816457	0	0	0	0	0	-1
-1.3140911	0.1176798	9.826263	0	0	0	0	0	-1
-1.176798	0.1176798	9.826263	0	0	0	0	0	-1
-0.71588546	0.0784532	9.767424	0	0	0	0	0	-1
-0.6472389	0.0392266	9.738003	0	0	0	0	0	-1
-0.4118793	0.14709975	10.100849	0	0	0	0	0	-1
0.42168593	0.049033247	10.679441	0	0	0	0	0	-1
1.1964113	-0.28439283	11.061901	0	0	0	0	0	-1
0.74530536	-0.5295591	10.591182	0	0	0	0	0	-1
-1.7946169	-0.37265268	10.238142	0	0	0	0	0	-1
-0.71588546	-0.32361946	8.757339	0	0	0	0	0	-1
-0.2745862	0.10787315	10.640215	0	0	0	0	0	-1
-0.32361946	-0.18632634	11.70914	0	0	0	0	0	-1
0.0	-0.26477954	10.463696	0	0	0	0	0	-1
-0.6276256	-0.48052585	9.68897	0	0	0	0	0	-1
-0.36284605	-0.4511059	9.54187	0	0	0	0	0	-1
-0.6374322	0.2745862	9.502644	0	0	0	0	0	-1
-0.5295591	0.22555295	9.522257	0	0	0	0	0	-1
-0.9022118	0.1372931	10.561762	0	0	0	0	0	-1
-0.92182505	-0.32361946	10.218529	0	0	0	0	0	-1
-0.588399	-0.8531785	9.551677	0	0	0	0	0	-1
-0.84337187	-0.4314926	9.031924	0	0	0	0	0	-1
-1.2160245	-0.2549729	8.953471	0	0	0	0	0	-1
-1.6769371	-0.18632634	10.610795	0	0	0	0	0	-1
-1.4709975	-0.42168593	10.561762	0	0	0	0	0	-1
-1.3238977	-0.588399	9.934136	0	0	0	0	0	-1
-1.4611908	-0.40207264	10.071429	0	0	0	0	0	-1
-1.4415776	-0.24516624	9.80665	0	0	0	0	0	-1
-1.8240368	-0.5001391	9.139797	0	0	0	0	0	-1
-1.8044236	-1.9417167	10.463696	0	0	0	0	0	-1
-2.4614692	-0.9904716	9.277091	0	0	0	0	0	-1
-2.5987623	-0.7649187	10.375436	0	0	0	0	0	-1
-2.4124358	-0.65704554	10.473502	0	0	0	0	0	-1
-1.7946169	-0.65704554	10.120462	0	0	0	0	0	-1
-1.4709975	0.7354987	10.022396	0	0	0	0	0	-1
-1.0100849	-0.46091253	10.424469	0	0	0	0	0	-1
-1.4415776	-1.8730701	9.77723	0	0	0	0	0	-1
-1.4023509	-2.1966896	9.639936	0	0	0	0	0	-1
-1.8534569	-1.1375713	9.492837	0	0	0	0	0	-1
-1.8240368	-0.88259846	10.110656	0	0	0	0	0	-1
-1.1964113	-0.5001391	9.98317	0	0	0	0	0	-1
-1.6867437	-1.2160245	11.081514	0	0	0	0	0	-1
-1.8044236	-0.8531785	9.54187	0	0	0	0	0	-1
-1.343511	-2.324176	10.748088	0	0	0	0	0	-1
-1.5200307	-1.1277647	9.071151	0	0	0	0	0	-1
-1.1179581	-0.8139519	10.600988	0	0	0	0	0	-1
-1.5298374	-0.9414384	8.845598	0	0	0	0	0	-1
-1.4317709	-1.1669914	9.934136	0	0	0	0	0	-1
-1.147378	-0.4511059	9.0515375	0	0	0	0	0	-1
-1.2160245	-1.5298374	9.86549	0	0	0	0	0	-1
-1.0689248	-1.8142302	10.493115	0	0	0	0	0	-1
-1.0002782	-1.6377105	9.80665	0	0	0	0	0	-1
-0.6864655	-1.0983448	10.777508	0	0	0	0	0	-1
-0.6668522	-1.4219642	10.797121	0	0	0	0	0	-1
-1.5690639	-1.2748644	10.463696	0	0	0	0	0	-1
-1.4906107	-1.0002782	10.002783	0	0	0	0	0	-1
-1.2258313	-1.8632635	9.95375	0	0	0	0	0	-1
-1.6082906	-1.2454445	10.032203	0	0	0	0	0	-1
-0.7649187	-1.6279038	10.679441	0	0	0	0	0	-1
-1.0395049	-1.5690639	10.296982	0	0	0	0	0	-1
-1.2650578	-0.7747253	10.306788	0	0	0	0	0	-1
-1.3533176	-1.0689248	10.708861	0	0	0	0	0	-1
-1.7946169	-1.1866046	10.012589	0	0	0	0	0	-1
-1.1081514	-0.9414384	9.375157	0	0	0	0	0	-1
-1.9711366	-2.0593965	10.5715685	0	0	0	0	0	-1
-2.0888164	-1.1669914	9.335931	0	0	0	0	0	-1
-1.0885382	-1.1866046	10.414662	0	0	0	0	0	-1
-1.7259704	-1.6279038	10.100849	0	0	0	0	0	-1
-0.951245	-1.1964113	9.92433	0	0	0	0	0	-1
-0.83356524	-1.0787314	10.365629	0	0	0	0	0	-1
-2.0888164	-0.39226598	10.149882	0	0	0	0	0	-1
-1.1669914	-0.6766588	9.502644	0	0	0	0	0	-1
-1.7259704	-0.88259846	10.002783	0	0	0	0	0	-1
-0.92182505	-0.65704554	9.816457	0	0	0	0	0	-1
-1.5102241	-0.8041453	9.277091	0	0	0	0	0	-1
-1.5200307	-0.4118793	10.247949	0	0	0	0	0	-1
-1.3827376	-0.2353596	8.561205	0	0	0	0	0	-1
-1.3827376	-0.36284605	9.57129	0	0	0	0	0	-1
-1.2356379	-0.00980665	8.933858	0	0	0	0	0	-1
-1.6377105	-0.24516624	11.571847	0	0	0	0	0	-1
-1.2748644	-0.0196133	10.728475	0	0	0	0	0	-1
-1.5788707	-0.7649187	9.86549	0	0	0	0	0	-1
-1.3042845	-0.40207264	10.042009	0	0	0	0	0	-1
-1.3631244	-0.6766588	10.061623	0	0	0	0	0	-1
-1.0983448	0.951245	10.512729	0	0	0	0	0	-1
-2.3045628	0.93163174	7.354987	0	0	0	0	0	-1
-1.5494506	0.56878567	9.286898	0	0	0	0	0	-1
-1.4023509	0.7354987	9.179024	0	0	0	0	0	-1
-1.6279038	-0.4314926	9.384964	0	0	0	0	0	-1
