% Generated on 04/05/2014 @ 19:24:42
% By Dhawal Srivastava - PotHole - Smooth Road - CurbHit - PhoneDrop - SpeedBump - Speed

First
    4.9528
    2.5504
   -0.2038
    1.1882
    1.5612
   -0.7555
   -1.6099
    1.4421
   -0.7849
    0.7781
   -0.8757
    0.6871
   -0.0552
    0.5635
   -0.7425
    0.7717
   -0.0044
   -0.4794
    0.4681
   -0.6436
    0.2085
    0.2028
   -0.4300
    0.2981
    0.8480
   -0.1854
   -0.4317
   -0.5183
    0.4819
    1.0370
   -1.3016
    0.7250
   -0.5729
    0.5867
    0.0549
    0.5902
   -0.8620
   -0.7685
    1.2355
   -0.4453
   -0.1591
   -0.3601
   -0.2100
    0.1728
   -0.2860
    0.3987
   -0.6071
    0.8951
   -0.2860
   -0.0858
    0.6882
   -0.7369
    0.0211
   -0.7650
    0.5737
   -0.6374
    0.6438
   -0.2276
    1.5572
   -0.1958
   -0.9256
    1.6601
   -1.3696
    0.6472
   -0.0098
   -1.1312
    0.0049
    0.4795
   -0.2386
    0.4830
   -0.8176
    0.4368
   -0.5192
    1.4123
   -0.3285
   -0.6914
    0.2962
    0.5733
   -0.9881
    0.0414
   -0.0322
    0.1242
    0.5536
   -0.3375
    0.1346
   -0.3740
    0.0982
    0.6031
   -0.3864
   -0.2179
   -0.3777
    0.4604
   -0.0212
    0.3378
   -0.0708
   -0.2252
   -0.1186
    0.2130
   -0.5608
    0.5329
   -0.0823
   -0.4709
    0.3177
   -0.5740
    0.4270
    0.1727
    0.5235
    0.2399
   -0.4507
    0.3046
   -0.9221
   -0.0153
    0.5117
    0.5679
   -0.5691
   -0.2982
    0.3312
    0.1886
   -0.2621
   -0.1169
    0.2837
   -0.3292
   -0.0287
    0.3165
   -0.3066
    0.4243
   -1.1794
    0.5896
    0.3490
    0.2832
   -0.6290
    0.7356
    0.8709
   -1.7275
    0.1829
   -0.2702
    1.0472
   -0.3105
   -0.2398
   -1.0663
    1.2482
   -0.3331
    0.0531
   -0.2072
    0.4860
    0.6175
   -1.3191
    1.2297
   -1.3203
   -0.8359
    0.6926
    1.8779
    0.0152
   -0.4480
   -0.9758
   -0.3565
    1.4165
   -1.3854
    0.6043
    0.5064
   -0.9763
   -0.1782
    0.0995
    0.5207
    0.6789
    0.3885
    0.4162
   -0.3787
   -1.5223
    0.1489
    1.1538
   -0.5718
    0.6826
   -1.5035
   -0.7634
   -1.0003
    1.1405
    1.2409
    0.1492
   -0.5608
   -0.0599
    0.3964
    0.2018
    0.9976
   -1.2051
    1.6081
   -0.2825
   -0.3206
   -1.5495
    0.4339
    0.1812
    1.6097
   -0.8876
   -0.9356
   -0.7779
   -0.1824
    0.9971
    0.7836
   -0.1665
    0.2241
   -0.2897
    0.0406
   -1.5113
    0.0948
    0.1113
    1.1680
    0.5926
   -1.2246
    0.2191
   -0.5653
    0.0153
    0.6611
   -0.1331
    0.7824
   -0.8171
   -0.1240
    0.4600
    0.3802
   -0.2365
    0.1713
   -0.2355
    0.7580
   -1.2068
    0.2116
   -0.0895
    0.4321
   -0.2528
    0.1281
    0.2615
   -0.2466
   -0.1441
    0.4030
   -0.5420
    0.5577
   -0.3490
    0.2969
   -0.1277
    0.0828
   -0.6763
    0.1859
   -0.2119
    0.4910
    0.6317
   -0.5308
   -0.5799
    0.5081
   -0.0643
    0.4205
   -0.1734
   -0.0457
   -0.0647
   -0.1023
   -0.3494
    0.0928
    0.3848
   -0.2989
   -0.2873
   -0.1181
    0.1048
    0.8410
    0.3415
   -0.7517
    0.1952
   -0.0052
    0.3172
   -0.3319
   -0.3291
    0.1371
   -0.8640
    0.1997
    0.1237
    1.1845
   -0.8175
    0.0352
   -0.1105
    0.5851
   -0.5193
    0.1502
   -0.5733
    1.5363
    0.2251
   -0.5954
   -0.2487
   -1.2921
    0.3709
   -0.9660
    0.7875
    0.0259
   -0.0241
   -0.1411
   -0.2527
    1.1608
   -0.1999
    0.1950
    0.1541
   -0.6613
    0.3116
    0.0616
   -0.4978
    0.0483
    2.3730
   -0.9837
   -0.3525
    0.5508
    0.2290
   -0.3074
    0.2839
   -0.6670
    1.2277
   -0.3201
   -2.0848
   -0.7147
    0.5378
   -1.0817
    1.4858
    0.3310
   -0.0473
    1.9682
   -2.4055
    0.0879
   -0.0629
    3.5890
   -0.7655
   -1.2942
   -1.0512
    0.2201
   -0.0551
    1.7683
   -1.9173
   -0.3584
    0.1921
   -0.1081
   -0.3257
   -0.3144
    1.1040
    1.4977
   -0.8574
    0.1699
   -0.0255
   -2.3088
    1.4810
    0.7184
   -2.4043
   -0.0711
    2.4583
   -3.0552
    1.7096
   -0.7237
   -1.3326
    1.1619
   -0.7096
   -0.1236
   -0.3622
    0.8539
    1.5501
   -0.7461
    0.1778
   -2.9554
    1.7269
   -0.2277
    0.6265
    2.7186
   -1.4792
   -1.1641
   -1.7197
    2.8434
   -1.3780
    2.2001
    0.8895
    0.8979
   -3.4405
   -0.3246
    3.5424
    2.0635
   -3.2183
    0.0162
   -0.7473
   -1.7413
    1.0903
    0.3526
    1.3934
   -1.4433
   -0.3756
   -0.8967
    2.7524
   -1.2778
   -0.9443
    1.5971
   -0.5025
   -1.5531
    1.5547
    1.5756
   -1.8221
   -2.4717
    2.6496
   -1.7293
   -1.0606
    1.6961
   -2.0983
    1.0215
    2.7223
   -1.7203
    0.9628
    0.4992
    1.0804
   -1.6392
    1.3632
   -1.8476
   -0.1144
   -0.3084
    0.4812
    0.3483
   -0.0995
   -2.8027
    0.8356
    1.6658
    0.1173
    1.0168
   -0.3451
    0.1706
   -1.1408
    0.9772
    1.7529
   -2.1259
    0.2228
   -0.2391
   -0.2885
    0.7421
    1.2871
   -2.0552
   -0.0365
    1.2767
   -0.6433
    0.1194
    0.5394
    0.7674
   -0.2925
   -1.9490
   -0.1130
    1.7254
    0.5622
    0.8635
   -0.3274
   -0.0791
   -1.3815
   -0.4973
    1.9926
    1.4392
   -0.8304
   -2.6140
   -2.1674
    2.4477
   -0.7700
    1.6558
    0.4967
   -1.0812
   -3.1864
    0.8353
    2.4242
   -0.0122
    2.5015
   -3.1379
   -0.5207
   -1.0932
    1.7182
   -1.5180
    0.9980
    1.4213
    0.7833
   -1.7857
   -1.8106
    1.1205
    2.4014
   -0.5608
    1.4508
    
    
    
    Second
    
    
    0.5148
    0.6325
    0.0441
   -1.1915
   -0.1030
   -0.7649
   -0.1986
   -0.7612
    1.7523
   -0.3595
    0.0115
   -0.1561
    0.0764
    0.9723
    0.2067
   -0.3380
   -0.0072
   -0.4670
   -0.1599
    0.4055
   -0.5695
    0.2080
    0.3614
   -0.3636
   -0.1229
   -0.1056
   -0.0602
   -0.2728
    0.0916
    0.7298
   -0.8560
    0.1751
    0.0287
   -0.2284
    0.1285
    0.8218
   -0.2584
    0.2091
    0.2443
    0.4090
    0.2045
   -0.5818
   -0.6586
   -0.2778
    0.1406
   -0.1504
    0.7412
   -0.4017
    0.4685
   -0.0526
   -0.3058
   -0.3074
    0.5156
   -0.0143
    0.4047
   -0.2242
   -1.3257
    0.2933
   -0.2505
    0.5220
   -0.0773
    0.5203
    0.6205
   -0.2413
   -0.6135
   -0.0861
   -0.1607
    0.8611
    0.1437
   -0.5607
    0.7935
   -0.5447
   -0.4342
    0.1139
    0.1967
    0.3999
   -0.0428
   -0.1685
   -0.2902
    0.1123
    0.2842
   -0.2330
    0.2439
    0.4014
   -0.3436
   -0.3704
    0.1679
   -0.0705
    0.2295
   -0.2603
   -0.0860
   -0.2784
    0.6110
    0.4158
   -0.1083
   -0.7308
   -0.1006
    0.6484
   -0.1392
    0.1731
   -0.0532
    0.2529
   -0.2781
   -0.4038
    0.1291
    0.0498
    0.2382
    0.0235
   -0.7679
   -0.1559
   -0.1295
    0.5384
    0.4678
    0.1677
   -0.2030
   -0.3442
    0.1074
    0.4067
   -0.2600
   -0.2624
   -0.6902
    0.7949
    0.4710
    0.1914
   -0.7134
   -0.0036
    0.6381
   -0.1885
   -0.3590
   -0.4663
    0.5906
   -0.0872
   -0.5731
    0.6843
   -0.4081
    0.4211
    0.2032
   -0.2367
    0.5142
   -0.1989
   -0.2171
    0.1562
   -0.7457
    0.1420
    0.4755
   -0.3506
   -0.2489
    0.1551
    0.1658
   -0.7997
    0.5710
    0.1163
   -0.2802
    0.7866
    0.3565
    0.3033
   -0.3485
    0.1126
    0.1887
   -0.9133
    0.4039
    0.1357
    0.2738
   -0.2750
   -0.6670
   -0.3041
    0.0465
   -0.0429
    0.1403
    0.6806
    0.0241
   -0.4366
   -0.1962
   -0.9366
    1.5617
   -0.0797
   -0.3046
   -0.4097
   -0.6829
    0.2911
    0.9693
    0.9554
   -0.7727
   -0.7394
   -0.6565
    0.5396
   -0.0170
    1.0800
    0.0399
   -1.8850
   -0.1482
    1.0145
    0.4557
    0.0219
    0.1213
   -0.1526
   -0.5691
   -0.3213
   -0.7123
    0.3794
    1.1017
    0.3596
    0.0695
   -0.0020
   -0.7880
    0.8196
   -0.4875
   -0.0010
    0.3378
   -0.5004
    0.0734
   -0.5958
    0.8421
   -0.0423
   -0.1168
   -0.2496
    0.4268
   -0.0220
    0.0773
   -0.3070
   -0.0579
   -0.0804
    0.2025
   -0.2224
    0.2860
   -0.3204
   -0.4617
    0.0780
    0.7304
   -0.1423
    0.0465
   -0.2489
    0.1918
    0.0003
   -0.0734
   -0.1838
   -0.0993
   -0.0643
    0.3282
   -0.0712
    0.2586
   -0.2679
   -0.2810
    0.1978
    0.3122
   -0.1602
   -0.3228
    0.2652
    0.1767
    0.2502
   -0.1912
   -0.1691
    0.2464
    0.4027
   -0.3650
   -0.3517
    0.2287
    0.4380
   -0.1267
    0.2676
   -0.7267
   -0.0250
   -0.2552
    0.1519
    0.2672
    0.4278
   -0.1612
   -0.2792
    0.7136
   -0.3199
    0.0975
    1.1226
   -0.6229
    0.0195
   -1.0788
    0.5271
    0.8078
   -0.6405
   -0.0334
   -0.5242
    0.2601
   -0.7231
    0.3372
    0.4113
   -1.0226
   -0.0627
    0.7924
    0.2270
   -0.1218
    0.0053
    0.2012
   -0.1715
    0.3188
   -0.2893
    0.2231
    0.1851
   -0.7239
   -0.3619
    0.5766
   -0.1015
    0.7142
   -0.3049
    0.0314
    1.3985
   -1.4705
   -0.7058
    0.8165
    0.6510
   -0.4762
   -1.0619
   -0.5162
    0.5142
    0.0953
    0.4154
   -0.3292
   -0.6500
    0.1383
    0.2604
   -0.1640
   -0.0526
    0.5327
   -1.7342
    1.3394
    0.4785
    0.1068
   -0.6674
   -0.7529
    0.1899
    1.2276
   -0.4233
    0.6342
   -0.8303
   -1.1212
    1.3149
    1.2017
    0.0125
   -0.2953
    0.5731
   -0.9417
   -0.0663
    0.3199
    0.7116
   -1.0196
   -0.6201
   -0.5528
    0.2385
   -0.2044
    1.6189
    0.4490
    0.0039
    1.0611
   -1.0287
   -0.2275
    1.1439
   -2.0538
    0.0396
   -0.2670
   -1.3471
    1.4373
    0.2406
   -1.2845
    1.0494
   -0.7477
    1.4870
   -0.1023
   -0.6616
   -2.8609
    0.7025
    1.0205
    0.2676
    1.6268
   -0.9665
   -1.3953
    0.4645
    0.2322
    0.1602
   -0.0008
   -0.2063
    1.1325
    0.5662
   -0.1288
    0.4946
    0.7033
    0.4178
   -0.8502
    0.5458
   -0.2935
   -1.5148
   -0.0660
    1.2247
   -0.4321
   -1.9518
    0.6937
   -0.0136
   -0.3083
    2.3759
   -0.4595
   -0.0018
   -0.6334
    0.4114
   -0.2797
    1.2576
   -2.0852
   -0.3954
   -0.9847
    1.5303
   -1.7135
    1.6660
    0.0754
   -1.1023
    0.4638
    0.5408
   -0.1562
   -1.3726
    0.5935
    0.1496
    0.5970
    0.4603
    0.1566
   -0.1129
   -0.0050
   -0.1717
    0.9292
   -0.4621
   -0.8415
   -0.5752
    0.8598
    0.5108
   -0.6493
    0.1314
   -0.0741
    0.3896
    0.0697
   -0.9360
   -0.2988
    0.2110
   -0.8801
   -0.0061
    1.1664
    0.2816
    1.2661
   -0.1098
   -0.1799
   -0.2297
    0.3485
   -1.4806
   -0.8727
    1.3362
   -0.9868
    0.3230
   -0.1915
    0.3529
   -0.0957
   -3.1516
   -0.3549
    1.0876
    3.2946
   -0.8019
   -1.2689
    0.3291
    0.1057
    0.7001
    0.6295
   -0.1707
    0.4589
    0.0824
   -1.3783
    0.0316
   -0.9109
    1.6186
    0.6254
   -0.2021
   -1.6015
    0.0819
    1.5708
    
    
    
    Third
    
    
   13.4646
   10.0362
   -0.0842
   11.0747
   -5.1982
   -8.3551
   -5.7931
    0.3292
   -6.4190
    0.1388
    4.2345
   -4.1977
    5.6003
   -3.6863
    2.8455
   -1.3577
    2.5525
   -4.9516
    4.6415
   -4.1876
   -0.0668
    2.4771
   -3.6662
    3.1978
    1.8602
   -0.8654
    0.1831
   -1.2817
   -1.3688
    2.9699
   -3.2835
    3.3452
   -0.2104
   -3.7691
    5.5707
   -2.6319
    1.8201
   -5.0455
    4.4623
   -3.9219
    0.2914
    2.8343
   -4.6741
    2.2545
   -1.7740
    1.8706
   -0.3617
    1.1890
    1.6425
   -3.0226
    5.5064
   -5.0975
    0.7482
   -1.1752
   -2.0327
    1.2015
   -0.8076
    3.7348
    0.9962
    4.1634
   -5.8306
    7.9294
   -7.9335
   -0.0498
    5.0965
  -10.5186
    5.4579
   -1.8475
   -1.1369
    3.9212
   -1.2459
   -0.4192
    0.6693
    0.1753
    3.5446
   -5.0999
    5.1077
   -3.2578
   -1.9793
    0.8055
    0.4003
   -2.5242
    4.4628
   -1.3803
    1.0826
   -0.3031
   -2.1708
    3.0219
   -2.2114
    0.5786
   -0.4908
   -1.0887
    1.1162
    0.2733
    2.1849
   -2.0353
    0.5626
   -0.9117
   -1.4679
    1.2452
    0.9687
   -2.9042
    3.2913
   -3.2300
    0.6721
    2.3958
   -0.5182
    3.7824
   -2.4969
    1.3888
   -3.6341
   -2.2118
    3.1017
   -0.8840
    1.7814
   -0.7588
    0.9968
   -1.7703
    0.2161
    0.4036
    0.4759
   -1.4194
    0.0105
    1.5654
   -1.8608
    1.9505
   -2.5096
   -0.4571
    3.3033
   -2.7272
    3.1960
   -0.1248
    3.4139
   -6.6192
    2.1357
   -1.2197
   -2.3210
    4.9007
   -3.0489
    0.9500
   -1.0357
    1.0107
   -2.3180
    5.0417
   -3.0953
    4.1239
   -4.8149
    4.0856
   -2.9649
   -7.2415
    7.4290
   -0.8801
    4.7211
    0.8782
   -0.9047
   -6.2552
    2.8483
   -4.5569
    2.6296
    5.7312
   -8.3886
    4.4442
   -1.8332
   -0.5231
    4.3661
    1.5100
    2.5219
   -1.0732
   -5.7878
   -1.1602
    1.2553
   -2.5910
    5.6131
   -1.9651
   -6.4077
    0.1074
   -2.9286
    7.9889
    0.6754
    4.1981
   -1.3840
   -1.2930
   -1.2291
    3.4027
   -2.0466
    2.9745
    1.7554
   -6.7037
    2.0163
   -5.9170
    2.5834
    1.4123
    4.0367
   -4.4718
    0.9788
   -7.3515
    3.9319
    2.8593
    2.2910
    3.1470
   -1.6549
   -2.4122
   -3.7426
   -2.4752
    1.7965
    0.2750
    7.1710
   -3.6106
    2.5259
   -3.6002
   -4.1041
    5.1669
   -2.2347
    4.5426
   -0.8681
   -2.7864
    3.2095
   -2.8899
    1.9294
    0.6627
   -0.5943
    0.5164
   -2.0331
   -1.5918
    2.3759
   -3.4234
    3.8462
   -1.4686
    2.7975
   -2.4232
    0.5062
    0.7670
   -2.1757
    1.5157
    0.4068
   -1.5071
    2.6625
   -2.5703
    0.2900
   -1.5131
    0.5278
   -0.4972
    4.5031
   -2.2565
   -0.0411
    0.6023
   -2.2627
    1.3004
    1.8322
   -1.6482
    1.2743
   -2.2410
   -0.4427
   -0.2647
    1.3196
   -0.8712
    0.1671
   -0.0284
   -1.0998
    2.7652
    1.7364
   -1.3193
    1.3178
   -1.5095
   -1.4216
    1.2894
   -2.1490
    1.4008
   -3.8451
    0.4435
    1.5718
    1.5439
    1.6597
   -1.3189
    2.2678
   -3.5259
    1.5753
   -1.3743
    0.6073
    1.1114
    3.6853
   -3.7902
    3.6608
   -7.8987
   -0.7370
   -1.8756
   -0.3188
    5.6429
   -3.0371
    4.8401
   -3.5008
    3.7721
   -0.5141
    0.0975
    3.3309
   -5.4612
    1.7201
   -0.6985
   -2.7994
    2.1796
    5.5477
   -1.6915
   -0.7817
    5.3214
   -7.2838
    1.8666
    0.5746
   -2.1266
    2.0085
    1.0792
   -8.3641
    1.1951
   -3.0226
   -4.3792
    7.1935
    4.9860
   -2.2884
   11.6370
   -9.7085
   -1.7051
    2.9209
   -0.5286
    7.8277
   -7.0795
    4.6997
  -11.7709
    0.9398
    3.9182
   -0.2641
   -2.5452
    4.7740
   -8.8027
    4.4058
   -1.3032
    3.4910
    4.8936
   -1.3871
    2.4421
   -0.2572
  -11.8073
    4.8554
    1.5907
   -9.6651
    7.3863
    3.6583
  -11.0388
    8.1795
    3.2913
  -15.2254
   14.9604
   -9.5771
    1.3757
    3.6402
   -2.2336
    7.9159
   -2.5046
    2.7151
   -7.5717
   -2.6450
    3.2862
   -5.7508
   20.1393
   -8.6155
   -0.4436
   -3.5532
   -3.3898
    0.8040
    2.6495
   14.9993
   -7.7228
    0.6670
  -10.5746
   10.5512
   -2.1754
    0.8402
    3.3528
   -5.6850
  -15.9897
    9.3064
   -1.4117
    5.3662
    3.7530
   -4.6080
    0.5127
   -0.3548
    2.0562
   -5.7290
   12.4546
  -10.3706
   -1.5967
    6.6361
    0.8085
   -4.5290
   -2.2258
    4.2945
   -8.8462
   -4.3334
   14.7212
  -14.2970
    6.6704
   12.2977
  -10.7382
    9.9775
    2.3958
   -6.2384
    2.5754
   -1.8872
   -1.9503
   -8.4322
    6.5286
   -7.1757
    8.0464
   -1.7017
   -4.6604
   -0.2514
    4.8048
   -3.6708
   11.9068
   -0.3449
   -2.4650
   -1.8340
   -2.9199
    7.0451
   -8.1977
    4.2216
   -0.2175
   -8.8114
    8.1411
    1.2728
   -3.1156
    0.2454
    4.0725
   -7.9466
    5.3167
    2.6745
   -0.9601
    1.9242
   -6.1447
   -1.2294
    2.2976
   -0.1322
    7.2471
    2.7082
   -3.3110
   -3.5101
   -6.5040
    5.9850
    2.4198
    1.6446
   -3.2301
   -9.8020
    0.9296
   -3.3571
    6.2225
   13.3503
  -10.0038
   -2.2658
   -5.4780
    5.3730
   -2.1587
   16.5373
   -5.0026
   -8.6106
    1.5798
  -10.5176
    6.0270
   -1.4024
   13.2812
   -4.7123
    2.6432
   -8.2659
    0.7809
    1.7522
    0.9542
    9.4299
    
    
    Fourth
    
       -0.7674
   -0.6332
   -1.1159
   -0.6887
   -2.3211
    2.6908
    0.1220
    3.2874
   -1.2812
    5.2249
   -2.4974
    1.3458
    0.3801
   -0.3663
    0.8902
   -1.3566
   -1.4356
    0.6674
   -0.5042
    0.1254
    1.7313
   -1.3573
    1.0130
    0.8372
   -0.6803
    0.9379
    0.7301
    1.2015
    0.5546
    0.4990
    2.6230
   -1.7717
    2.4329
    1.0831
    0.5537
    0.4082
    1.7692
   -1.6869
    0.3720
   -0.7831
   -0.7750
   -0.5318
   -0.9049
    0.3745
    1.0226
    1.5885
   -0.6820
    2.1659
   -2.0816
    1.3376
   -0.4436
    0.1866
   -0.2626
    1.4625
   -1.3296
    0.5976
    0.7172
   -1.1878
    3.9766
   -0.1110
    2.3400
   -0.7007
    0.4307
    0.2253
   -0.7585
   -0.2580
    1.5483
   -0.6107
    1.4033
   -0.5883
   -2.2644
    2.2971
   -1.6361
    0.2008
    0.8762
   -0.2809
    0.1088
   -0.8150
   -0.0492
   -0.3122
    0.2521
    0.4215
   -1.2380
   -0.1540
    0.0583
   -1.1352
   -0.4558
    0.7874
   -0.7708
    0.5630
   -0.7246
    0.7009
   -0.8538
    0.6291
   -0.7814
   -0.4973
   -0.9473
    0.1993
    1.1143
   -1.7627
    0.0266
   -1.2351
    0.1225
   -0.7841
   -0.5391
    0.6452
   -0.5884
   -0.1188
    0.3373
   -0.7938
    1.7002
    0.1147
    0.7703
   -0.4960
   -0.6950
   -0.5404
   -0.5075
   -0.0004
    0.4093
   -0.9730
    0.9361
   -1.1577
    1.7810
   -1.1398
   -0.1923
   -1.6888
    0.0227
    0.6854
   -1.3353
    0.1092
   -0.7883
    1.6676
   -0.2877
   -1.4129
    2.4462
   -2.1238
    0.7596
   -0.4381
   -1.8167
    0.6307
   -1.5201
   -0.8390
    1.0640
   -1.5295
    0.7905
    0.8189
   -0.9588
    0.1181
    0.5620
    1.2400
   -1.6347
    2.3139
   -0.0374
   -1.4166
    0.8021
   -1.9422
   -0.9287
   -2.3683
   -0.8256
    0.0783
   -2.9198
    1.0651
   -1.6602
   -0.5897
   -0.9125
   -0.5547
    0.6222
    0.9087
    0.0409
   -0.4720
    0.3836
   -1.0258
   -0.8070
    1.6869
   -2.5279
    3.7581
   -2.5005
   -0.1443
    0.9383
    0.0484
    0.9663
   -0.3379
   -0.0698
   -2.5016
    0.8348
    0.1103
    2.4831
   -1.8748
    1.1131
    0.3327
   -2.0631
    2.5401
    1.9328
   -0.7758
   -1.0783
   -0.0543
    0.0943
    0.0628
    2.1693
    0.4296
    1.5537
    1.0763
   -1.4853
   -1.0614
    0.3607
   -2.4086
    2.6934
   -2.1615
    0.0897
    0.8861
   -1.4134
    1.7768
   -1.6503
    2.2878
   -1.2794
    0.1311
   -0.6899
    0.9214
   -1.0202
    0.2510
   -0.5960
    0.5452
   -0.1447
    0.8039
   -0.8809
    1.2206
   -0.0289
    0.3586
    0.5603
    1.4118
   -1.3184
    0.6193
   -0.5371
    0.7679
   -0.1072
    0.2718
    0.2837
    0.6939
    0.1568
    1.0328
   -0.6982
    0.9271
   -0.1848
    0.1877
    0.7236
    0.5665
   -0.0749
   -0.1817
    0.9840
   -0.3524
    0.2175
   -0.5367
   -0.2731
   -0.0449
    0.2799
   -0.9872
   -0.2851
    0.2351
    0.0914
   -1.7435
    0.9206
   -1.6385
    1.5081
   -0.1511
    0.5972
   -0.3403
    0.0975
   -0.9079
   -1.4319
    1.2633
   -2.3410
   -1.7635
    0.7511
   -4.2435
    1.0299
   -2.9217
    0.6496
    0.0529
   -3.2544
    0.7152
   -1.5231
    1.8256
   -1.7784
    1.1101
    1.3767
   -1.6033
    1.0976
    1.2448
   -0.8618
   -0.8196
   -0.3894
    0.1045
   -1.4025
    0.5477
   -1.6996
   -0.0996
    0.2210
   -1.0776
    0.0029
    1.6042
   -2.1114
    0.9605
   -2.2754
   -2.2972
    2.3015
   -4.4070
   -0.2379
    0.8956
   -0.7477
   -1.2565
   -0.2179
    0.8803
    2.1218
   -0.7345
    0.9990
    0.0041
    0.1129
    1.7658
    1.2077
    0.2500
    0.2527
    3.9080
   -3.5883
    5.0832
   -0.9492
    0.4645
    0.4770
    1.0191
    1.2282
    2.7666
   -2.9566
    2.6998
   -0.0823
   -0.7234
    2.9023
   -0.5639
   -2.3800
   -2.2680
    1.3498
   -2.8583
    0.4848
   -0.9569
    0.8806
   -2.3003
    1.6356
    0.8399
    2.6726
   -1.7222
    2.0088
   -2.8060
   -3.7064
    0.6415
   -4.7527
   -2.0208
    2.8106
   -5.7195
    3.2512
    1.7873
   -2.2172
    4.6230
    0.3598
   -2.7598
    5.2174
   -3.8486
    3.3622
   -1.9035
    3.3351
   -1.5995
    7.1235
    2.6136
   -1.7504
    3.5705
   -1.5083
    0.3487
    4.3823
    1.1712
    1.3512
    1.4298
   -0.4705
    1.7511
   -0.9794
   -2.3673
   -1.1794
   -2.1769
   -1.7433
   -4.7960
    0.2223
   -1.1289
   -2.4691
    0.2900
    1.6694
   -0.5539
   -2.5535
    4.9304
    0.3755
   -2.8265
    3.8530
   -5.5538
    0.1553
   -2.3991
    1.0172
   -3.6904
    3.5510
   -4.8513
    4.5392
   -1.2874
    7.2613
   -5.3118
    5.9238
   -0.2253
   -1.2232
    2.7689
    1.0736
    1.5926
   -0.9038
    4.5427
    0.1023
    0.9626
   -0.1233
   -0.3753
   -0.5105
    0.3286
   -1.5515
    1.6547
   -1.4306
    0.4858
    0.2197
    2.0625
    0.4144
   -1.7027
    1.5683
   -0.4900
    0.6492
    0.7733
   -0.4480
    1.8704
    3.3670
    0.4174
    1.9262
    2.7762
   -2.4726
    0.9664
   -2.8935
   -0.8429
   -1.3834
    2.0856
   -1.1999
    0.4587
    5.6711
   -2.5723
    3.5326
    0.1787
    2.1441
    5.1898
   -0.0737
    8.0858
    2.3846
    6.3161
   -3.1341
    0.8900
    4.6244
    0.9725
    1.5868
    0.9350
   -1.2866
    0.9796
    1.4243
   -1.1638
    5.0305
   -1.2602
    4.3155
   -0.7785
    1.2623
   -0.6805
    2.2889
